Time_ms,Absolute_Displacement_nm
0.000,2927.585
1.000,3006.709
2.000,2848.461
3.000,2927.585
4.000,2848.461
5.000,2927.585
6.000,2848.461
7.000,2927.585
8.000,2848.461
9.000,3006.709
10.000,2848.461
11.000,2927.585
12.000,2848.461
13.000,2927.585
14.000,2848.461
15.000,2927.585
16.000,2848.461
17.000,3006.709
18.000,2927.585
19.000,2927.585
20.000,2848.461
21.000,2927.585
22.000,2848.461
23.000,2927.585
24.000,2848.461
25.000,3006.709
26.000,2927.585
27.000,2927.585
28.000,2848.461
29.000,2927.585
30.000,2848.461
31.000,2927.585
32.000,2848.461
33.000,3006.709
34.000,2927.585
35.000,2927.585
36.000,2848.461
37.000,2927.585
38.000,2848.461
39.000,2927.585
40.000,2848.461
41.000,3006.709
42.000,2927.585
43.000,3006.709
44.000,2848.461
45.000,2927.585
46.000,2848.461
47.000,2927.585
48.000,2848.461
49.000,2927.585
50.000,2927.585
51.000,3006.709
52.000,2848.461
53.000,2927.585
54.000,2848.461
55.000,2927.585
56.000,2848.461
57.000,2927.585
58.000,2927.585
59.000,3006.709
60.000,2927.585
61.000,2927.585
62.000,2848.461
63.000,2927.585
64.000,2848.461
65.000,2927.585
66.000,2848.461
67.000,3006.709
68.000,2927.585
69.000,2927.585
70.000,2848.461
71.000,2927.585
72.000,2848.461
73.000,2927.585
74.000,2848.461
75.000,3006.709
76.000,2927.585
77.000,2927.585
78.000,2848.461
79.000,2927.585
80.000,2848.461
81.000,2927.585
82.000,2848.461
83.000,3006.709
84.000,2927.585
85.000,3006.709
86.000,2848.461
87.000,2927.585
88.000,2848.461
89.000,2927.585
90.000,2848.461
91.000,2927.585
92.000,2927.585
93.000,3006.709
94.000,2848.461
95.000,2927.585
96.000,2848.461
97.000,2927.585
98.000,2848.461
99.000,2927.585
100.000,2927.585
101.000,3006.709
102.000,2848.461
103.000,2927.585
104.000,2848.461
105.000,2927.585
106.000,2848.461
107.000,2927.585
108.000,2927.585
109.000,3006.709
110.000,2927.585
111.000,2927.585
112.000,2848.461
113.000,2927.585
114.000,2848.461
115.000,2927.585
116.000,2848.461
117.000,3006.709
118.000,2927.585
119.000,2927.585
120.000,2848.461
121.000,2927.585
122.000,2848.461
123.000,2927.585
124.000,2848.461
125.000,3006.709
126.000,2927.585
127.000,2927.585
128.000,2848.461
129.000,2927.585
130.000,2848.461
131.000,2927.585
132.000,2848.461
133.000,3006.709
134.000,2927.585
135.000,3006.709
136.000,2848.461
137.000,2927.585
138.000,2848.461
139.000,2927.585
140.000,2848.461
141.000,3006.709
142.000,2927.585
143.000,3006.709
144.000,2848.461
145.000,2927.585
146.000,2848.461
147.000,2927.585
148.000,2848.461
149.000,3006.709
150.000,2927.585
151.000,3006.709
152.000,2848.461
153.000,2927.585
154.000,2848.461
155.000,2927.585
156.000,2848.461
157.000,2927.585
158.000,2927.585
159.000,3006.709
160.000,2927.585
161.000,2927.585
162.000,2848.461
163.000,2927.585
164.000,2848.461
165.000,2927.585
166.000,2927.585
167.000,3006.709
168.000,2927.585
169.000,2927.585
170.000,2848.461
171.000,2927.585
172.000,2848.461
173.000,2927.585
174.000,2848.461
175.000,3006.709
176.000,2927.585
177.000,2927.585
178.000,2848.461
179.000,2927.585
180.000,2848.461
181.000,2927.585
182.000,2848.461
183.000,3006.709
184.000,2927.585
185.000,3006.709
186.000,2848.461
187.000,2927.585
188.000,2848.461
189.000,2927.585
190.000,2848.461
191.000,3006.709
192.000,2927.585
193.000,3006.709
194.000,2848.461
195.000,2927.585
196.000,2848.461
197.000,2927.585
198.000,2848.461
199.000,2927.585
200.000,2927.585
201.000,3006.709
202.000,2848.461
203.000,2927.585
204.000,2848.461
205.000,2927.585
206.000,2848.461
207.000,2927.585
208.000,2927.585
209.000,3006.709
210.000,2927.585
211.000,2927.585
212.000,2848.461
213.000,2927.585
214.000,2848.461
215.000,2927.585
216.000,2927.585
217.000,3006.709
218.000,2927.585
219.000,2927.585
220.000,2848.461
221.000,2927.585
222.000,2848.461
223.000,2927.585
224.000,2848.461
225.000,3006.709
226.000,2927.585
227.000,2927.585
228.000,2848.461
229.000,2927.585
230.000,2848.461
231.000,2927.585
232.000,2848.461
233.000,3006.709
234.000,2927.585
235.000,3006.709
236.000,2848.461
237.000,2927.585
238.000,2848.461
239.000,2927.585
240.000,2848.461
241.000,2927.585
242.000,2927.585
243.000,3006.709
244.000,2848.461
245.000,2927.585
246.000,2848.461
247.000,2927.585
248.000,2848.461
249.000,2927.585
250.000,2927.585
251.000,3006.709
252.000,2848.461
253.000,2927.585
254.000,2848.461
255.000,2927.585
256.000,2848.461
257.000,2927.585
258.000,2927.585
259.000,3006.709
260.000,2848.461
261.000,2927.585
262.000,2848.461
263.000,2927.585
264.000,2848.461
265.000,2927.585
266.000,2927.585
267.000,3006.709
268.000,2848.461
269.000,2927.585
270.000,2848.461
271.000,2927.585
272.000,2848.461
273.000,2927.585
274.000,2927.585
275.000,3006.709
276.000,2927.585
277.000,2927.585
278.000,2848.461
279.000,2927.585
280.000,2848.461
281.000,2927.585
282.000,2848.461
283.000,3006.709
284.000,2927.585
285.000,3006.709
286.000,2848.461
287.000,2927.585
288.000,2848.461
289.000,2927.585
290.000,2848.461
291.000,3006.709
292.000,2927.585
293.000,3006.709
294.000,2848.461
295.000,2927.585
296.000,2848.461
297.000,2927.585
298.000,2848.461
299.000,2927.585
300.000,2927.585
301.000,3006.709
302.000,2927.585
303.000,2927.585
304.000,2848.461
305.000,2927.585
306.000,2848.461
307.000,2927.585
308.000,2848.461
309.000,3006.709
310.000,2848.461
311.000,2927.585
312.000,2848.461
313.000,2927.585
314.000,2848.461
315.000,2927.585
316.000,2848.461
317.000,3006.709
318.000,2848.461
319.000,2927.585
320.000,2848.461
321.000,2927.585
322.000,2848.461
323.000,2927.585
324.000,2848.461
325.000,3006.709
326.000,2927.585
327.000,2927.585
328.000,2848.461
329.000,2927.585
330.000,2848.461
331.000,2927.585
332.000,2848.461
333.000,3006.709
334.000,2927.585
335.000,2927.585
336.000,2848.461
337.000,2927.585
338.000,2848.461
339.000,2927.585
340.000,2848.461
341.000,3006.709
342.000,2927.585
343.000,3006.709
344.000,2848.461
345.000,2927.585
346.000,2848.461
347.000,2927.585
348.000,2848.461
349.000,2927.585
350.000,2927.585
351.000,3006.709
352.000,2927.585
353.000,2927.585
354.000,2848.461
355.000,2927.585
356.000,2848.461
357.000,2927.585
358.000,2927.585
359.000,3006.709
360.000,2927.585
361.000,2927.585
362.000,2848.461
363.000,2927.585
364.000,2848.461
365.000,2927.585
366.000,2848.461
367.000,3006.709
368.000,2848.461
369.000,2927.585
370.000,2848.461
371.000,2927.585
372.000,2848.461
373.000,2927.585
374.000,2848.461
375.000,3006.709
376.000,2848.461
377.000,2927.585
378.000,2848.461
379.000,2927.585
380.000,2848.461
381.000,2927.585
382.000,2848.461
383.000,3006.709
384.000,2927.585
385.000,2927.585
386.000,2848.461
387.000,2927.585
388.000,2848.461
389.000,2927.585
390.000,2848.461
391.000,3006.709
392.000,2927.585
393.000,3006.709
394.000,2848.461
395.000,2927.585
396.000,2848.461
397.000,2927.585
398.000,2848.461
399.000,3006.709
400.000,2927.585
401.000,3006.709
402.000,2848.461
403.000,2927.585
404.000,2848.461
405.000,2927.585
406.000,2848.461
407.000,2927.585
408.000,2927.585
409.000,3006.709
410.000,2927.585
411.000,2927.585
412.000,2848.461
413.000,2927.585
414.000,2848.461
415.000,2927.585
416.000,2927.585
417.000,3006.709
418.000,2927.585
419.000,2927.585
420.000,2848.461
421.000,2927.585
422.000,2848.461
423.000,2927.585
424.000,2848.461
425.000,3006.709
426.000,2927.585
427.000,3006.709
428.000,2848.461
429.000,2927.585
430.000,2848.461
431.000,2927.585
432.000,2848.461
433.000,3006.709
434.000,2927.585
435.000,3006.709
436.000,2848.461
437.000,2927.585
438.000,2848.461
439.000,2927.585
440.000,2848.461
441.000,2927.585
442.000,2927.585
443.000,3006.709
444.000,2848.461
445.000,2927.585
446.000,2848.461
447.000,2927.585
448.000,2848.461
449.000,2927.585
450.000,2927.585
451.000,3006.709
452.000,2848.461
453.000,2927.585
454.000,2848.461
455.000,2927.585
456.000,2848.461
457.000,2927.585
458.000,2927.585
459.000,3006.709
460.000,2848.461
461.000,2927.585
462.000,2848.461
463.000,2927.585
464.000,2848.461
465.000,2927.585
466.000,2848.461
467.000,3006.709
468.000,2927.585
469.000,2927.585
470.000,2848.461
471.000,2927.585
472.000,2848.461
473.000,2927.585
474.000,2848.461
475.000,3006.709
476.000,2927.585
477.000,2927.585
478.000,2848.461
479.000,2927.585
480.000,2848.461
481.000,2927.585
482.000,2848.461
483.000,3006.709
484.000,2927.585
485.000,3006.709
486.000,2848.461
487.000,2927.585
488.000,2848.461
489.000,2927.585
490.000,2848.461
491.000,2927.585
492.000,2927.585
493.000,3006.709
494.000,2848.461
495.000,2927.585
496.000,2848.461
497.000,2927.585
498.000,2848.461
499.000,3006.709
500.000,2927.585
501.000,3006.709
502.000,2848.461
503.000,2927.585
504.000,2848.461
505.000,2927.585
506.000,2848.461
507.000,2927.585
508.000,2927.585
509.000,3006.709
510.000,2927.585
511.000,2927.585
512.000,2848.461
513.000,2927.585
514.000,2848.461
515.000,2927.585
516.000,2927.585
517.000,3006.709
518.000,2927.585
519.000,2927.585
520.000,2848.461
521.000,2927.585
522.000,2848.461
523.000,2927.585
524.000,2848.461
525.000,3006.709
526.000,2927.585
527.000,3006.709
528.000,2848.461
529.000,2927.585
530.000,2848.461
531.000,2927.585
532.000,2848.461
533.000,3006.709
534.000,2927.585
535.000,3006.709
536.000,2848.461
537.000,2927.585
538.000,2848.461
539.000,2927.585
540.000,2848.461
541.000,2927.585
542.000,2927.585
543.000,3006.709
544.000,2848.461
545.000,2927.585
546.000,2848.461
547.000,2927.585
548.000,2848.461
549.000,2927.585
550.000,2927.585
551.000,3006.709
552.000,2927.585
553.000,2927.585
554.000,2848.461
555.000,2927.585
556.000,2848.461
557.000,2927.585
558.000,2848.461
559.000,3006.709
560.000,2927.585
561.000,2927.585
562.000,2848.461
563.000,2927.585
564.000,2848.461
565.000,2927.585
566.000,2848.461
567.000,3006.709
568.000,2927.585
569.000,2927.585
570.000,2848.461
571.000,2927.585
572.000,2848.461
573.000,2927.585
574.000,2848.461
575.000,3006.709
576.000,2927.585
577.000,3006.709
578.000,2848.461
579.000,2927.585
580.000,2848.461
581.000,2927.585
582.000,2848.461
583.000,3006.709
584.000,2927.585
585.000,3006.709
586.000,2848.461
587.000,2927.585
588.000,2848.461
589.000,2927.585
590.000,2848.461
591.000,2927.585
592.000,2927.585
593.000,3006.709
594.000,2848.461
595.000,2927.585
596.000,2848.461
597.000,2927.585
598.000,2848.461
599.000,2927.585
600.000,2927.585
601.000,3006.709
602.000,2848.461
603.000,2927.585
604.000,2848.461
605.000,2927.585
606.000,2848.461
607.000,2927.585
608.000,2848.461
609.000,3006.709
610.000,2848.461
611.000,2927.585
612.000,2848.461
613.000,2927.585
614.000,2848.461
615.000,2927.585
616.000,2848.461
617.000,3006.709
618.000,2848.461
619.000,2927.585
620.000,2848.461
621.000,2927.585
622.000,2848.461
623.000,2927.585
624.000,2848.461
625.000,3006.709
626.000,2927.585
627.000,2927.585
628.000,2848.461
629.000,2927.585
630.000,2848.461
631.000,2927.585
632.000,2848.461
633.000,3006.709
634.000,2927.585
635.000,3006.709
636.000,2848.461
637.000,2927.585
638.000,2848.461
639.000,2927.585
640.000,2848.461
641.000,3006.709
642.000,2927.585
643.000,3006.709
644.000,2848.461
645.000,2927.585
646.000,2848.461
647.000,2927.585
648.000,2848.461
649.000,2927.585
650.000,2927.585
651.000,3006.709
652.000,2927.585
653.000,2927.585
654.000,2848.461
655.000,2927.585
656.000,2848.461
657.000,2927.585
658.000,2848.461
659.000,3006.709
660.000,2927.585
661.000,2927.585
662.000,2848.461
663.000,2927.585
664.000,2848.461
665.000,2927.585
666.000,2848.461
667.000,3006.709
668.000,2927.585
669.000,3006.709
670.000,2848.461
671.000,2927.585
672.000,2848.461
673.000,2927.585
674.000,2848.461
675.000,2927.585
676.000,2927.585
677.000,2927.585
678.000,2848.461
679.000,2927.585
680.000,2848.461
681.000,2927.585
682.000,2848.461
683.000,2927.585
684.000,2927.585
685.000,2927.585
686.000,2848.461
687.000,2927.585
688.000,2848.461
689.000,2927.585
690.000,2848.461
691.000,2927.585
692.000,2927.585
693.000,3006.709
694.000,2848.461
695.000,2927.585
696.000,2848.461
697.000,2927.585
698.000,2848.461
699.000,2927.585
700.000,2927.585
701.000,3006.709
702.000,2848.461
703.000,2927.585
704.000,2848.461
705.000,2927.585
706.000,2848.461
707.000,2927.585
708.000,2927.585
709.000,3006.709
710.000,2927.585
711.000,2927.585
712.000,2848.461
713.000,2927.585
714.000,2848.461
715.000,2927.585
716.000,2848.461
717.000,3006.709
718.000,2927.585
719.000,3006.709
720.000,2848.461
721.000,2927.585
722.000,2848.461
723.000,2927.585
724.000,2848.461
725.000,3006.709
726.000,2927.585
727.000,3006.709
728.000,2848.461
729.000,2927.585
730.000,2848.461
731.000,2927.585
732.000,2848.461
733.000,3006.709
734.000,2927.585
735.000,3006.709
736.000,2848.461
737.000,2927.585
738.000,2848.461
739.000,2927.585
740.000,2848.461
741.000,2927.585
742.000,2927.585
743.000,3006.709
744.000,2848.461
745.000,2927.585
746.000,2848.461
747.000,2927.585
748.000,2848.461
749.000,2927.585
750.000,2927.585
751.000,3006.709
752.000,2848.461
753.000,2927.585
754.000,2848.461
755.000,2927.585
756.000,2848.461
757.000,2927.585
758.000,2927.585
759.000,3006.709
760.000,2927.585
761.000,2927.585
762.000,2848.461
763.000,2927.585
764.000,2848.461
765.000,2927.585
766.000,2848.461
767.000,3006.709
768.000,2927.585
769.000,2927.585
770.000,2848.461
771.000,2927.585
772.000,2848.461
773.000,2927.585
774.000,2848.461
775.000,3006.709
776.000,2927.585
777.000,3006.709
778.000,2848.461
779.000,2927.585
780.000,2848.461
781.000,2927.585
782.000,2848.461
783.000,3006.709
784.000,2927.585
785.000,3006.709
786.000,2848.461
787.000,2927.585
788.000,2848.461
789.000,2927.585
790.000,2848.461
791.000,2927.585
792.000,2927.585
793.000,3006.709
794.000,2927.585
795.000,2927.585
796.000,2848.461
797.000,2927.585
798.000,2848.461
799.000,2927.585
800.000,2848.461
801.000,3006.709
802.000,2927.585
803.000,2927.585
804.000,2848.461
805.000,2927.585
806.000,2848.461
807.000,2927.585
808.000,2848.461
809.000,3006.709
810.000,2848.461
811.000,2927.585
812.000,2848.461
813.000,2927.585
814.000,2848.461
815.000,2927.585
816.000,2848.461
817.000,3006.709
818.000,2927.585
819.000,2927.585
820.000,2848.461
821.000,2927.585
822.000,2848.461
823.000,2927.585
824.000,2848.461
825.000,3006.709
826.000,2927.585
827.000,2927.585
828.000,2848.461
829.000,2927.585
830.000,2848.461
831.000,2927.585
832.000,2848.461
833.000,3006.709
834.000,2927.585
835.000,3006.709
836.000,2848.461
837.000,2927.585
838.000,2848.461
839.000,2927.585
840.000,2848.461
841.000,2927.585
842.000,2927.585
843.000,3006.709
844.000,2848.461
845.000,2927.585
846.000,2848.461
847.000,2927.585
848.000,2848.461
849.000,2927.585
850.000,2927.585
851.000,3006.709
852.000,2927.585
853.000,2927.585
854.000,2848.461
855.000,2927.585
856.000,2848.461
857.000,2927.585
858.000,2848.461
859.000,3006.709
860.000,2927.585
861.000,3006.709
862.000,2848.461
863.000,2927.585
864.000,2848.461
865.000,2927.585
866.000,2848.461
867.000,3006.709
868.000,2927.585
869.000,3006.709
870.000,2848.461
871.000,2927.585
872.000,2848.461
873.000,2927.585
874.000,2848.461
875.000,3006.709
876.000,2927.585
877.000,3006.709
878.000,2848.461
879.000,2927.585
880.000,2848.461
881.000,2927.585
882.000,2848.461
883.000,2927.585
884.000,2927.585
885.000,3006.709
886.000,2848.461
887.000,2927.585
888.000,2848.461
889.000,2927.585
890.000,2848.461
891.000,2927.585
892.000,2927.585
893.000,3006.709
894.000,2848.461
895.000,2927.585
896.000,2848.461
897.000,2927.585
898.000,2848.461
899.000,2927.585
900.000,2848.461
901.000,3006.709
902.000,2927.585
903.000,2927.585
904.000,2848.461
905.000,2927.585
906.000,2848.461
907.000,2927.585
908.000,2848.461
909.000,3006.709
910.000,2927.585
911.000,2927.585
912.000,2848.461
913.000,2927.585
914.000,2848.461
915.000,2927.585
916.000,2848.461
917.000,3006.709
918.000,2927.585
919.000,3006.709
920.000,2848.461
921.000,2927.585
922.000,2848.461
923.000,2927.585
924.000,2848.461
925.000,2927.585
926.000,2927.585
927.000,3006.709
928.000,2848.461
929.000,2927.585
930.000,2848.461
931.000,2927.585
932.000,2848.461
933.000,2927.585
934.000,2848.461
935.000,3006.709
936.000,2848.461
937.000,2927.585
938.000,2848.461
939.000,2927.585
940.000,2848.461
941.000,2927.585
942.000,2848.461
943.000,3006.709
944.000,2848.461
945.000,2927.585
946.000,2848.461
947.000,2927.585
948.000,2848.461
949.000,2927.585
950.000,2848.461
951.000,3006.709
952.000,2848.461
953.000,2927.585
954.000,2848.461
955.000,2927.585
956.000,2848.461
957.000,2927.585
958.000,2927.585
959.000,3006.709
960.000,2927.585
961.000,2927.585
962.000,2848.461
963.000,2927.585
964.000,2848.461
965.000,2927.585
966.000,2848.461
967.000,3006.709
968.000,2927.585
969.000,3006.709
970.000,2848.461
971.000,2927.585
972.000,2848.461
973.000,2927.585
974.000,2848.461
975.000,3006.709
976.000,2927.585
977.000,3006.709
978.000,2848.461
979.000,2927.585
980.000,2848.461
981.000,2927.585
982.000,2848.461
983.000,2927.585
984.000,2927.585
985.000,3006.709
986.000,2848.461
987.000,2927.585
988.000,2848.461
989.000,2927.585
990.000,2848.461
991.000,2927.585
992.000,2927.585
993.000,3006.709
994.000,2848.461
995.000,2927.585
996.000,2848.461
997.000,2927.585
998.000,2848.461
999.000,2927.585
1000.000,2927.585
1001.000,3006.709
1002.000,2848.461
1003.000,2927.585
1004.000,2848.461
1005.000,2927.585
1006.000,2848.461
1007.000,2927.585
1008.000,2927.585
1009.000,3006.709
1010.000,2927.585
1011.000,2927.585
1012.000,2848.461
1013.000,2927.585
1014.000,2848.461
1015.000,2927.585
1016.000,2848.461
1017.000,3006.709
1018.000,2927.585
1019.000,3006.709
1020.000,2848.461
1021.000,2927.585
1022.000,2848.461
1023.000,2927.585
1024.000,2848.461
1025.000,3006.709
1026.000,2927.585
1027.000,3006.709
1028.000,2848.461
1029.000,2927.585
1030.000,2848.461
1031.000,2927.585
1032.000,2848.461
1033.000,2927.585
1034.000,2927.585
1035.000,3006.709
1036.000,2848.461
1037.000,2927.585
1038.000,2848.461
1039.000,2927.585
1040.000,2848.461
1041.000,2927.585
1042.000,2927.585
1043.000,3006.709
1044.000,2848.461
1045.000,2927.585
1046.000,2848.461
1047.000,2927.585
1048.000,2848.461
1049.000,2927.585
1050.000,2848.461
1051.000,3006.709
1052.000,2848.461
1053.000,2927.585
1054.000,2848.461
1055.000,2927.585
1056.000,2848.461
1057.000,2927.585
1058.000,2848.461
1059.000,3006.709
1060.000,2927.585
1061.000,2927.585
1062.000,2848.461
1063.000,2927.585
1064.000,2848.461
1065.000,2927.585
1066.000,2848.461
1067.000,3006.709
1068.000,2927.585
1069.000,2927.585
1070.000,2848.461
1071.000,2927.585
1072.000,2848.461
1073.000,2927.585
1074.000,2848.461
1075.000,3006.709
1076.000,2927.585
1077.000,3006.709
1078.000,2848.461
1079.000,2927.585
1080.000,2848.461
1081.000,2927.585
1082.000,2848.461
1083.000,3006.709
1084.000,2927.585
1085.000,3006.709
1086.000,2848.461
1087.000,2927.585
1088.000,2848.461
1089.000,2927.585
1090.000,2848.461
1091.000,2927.585
1092.000,2927.585
1093.000,3006.709
1094.000,2927.585
1095.000,2927.585
1096.000,2848.461
1097.000,2927.585
1098.000,2848.461
1099.000,2927.585
1100.000,2927.585
1101.000,3006.709
1102.000,2927.585
1103.000,2927.585
1104.000,2848.461
1105.000,2927.585
1106.000,2848.461
1107.000,2927.585
1108.000,2848.461
1109.000,3006.709
1110.000,2927.585
1111.000,2927.585
1112.000,2848.461
1113.000,2927.585
1114.000,2848.461
1115.000,2927.585
1116.000,2848.461
1117.000,3006.709
1118.000,2927.585
1119.000,3006.709
1120.000,2848.461
1121.000,2927.585
1122.000,2848.461
1123.000,2927.585
1124.000,2848.461
1125.000,3006.709
1126.000,2927.585
1127.000,3006.709
1128.000,2848.461
1129.000,2927.585
1130.000,2848.461
1131.000,2927.585
1132.000,2848.461
1133.000,3006.709
1134.000,2927.585
1135.000,3006.709
1136.000,2848.461
1137.000,2927.585
1138.000,2848.461
1139.000,2927.585
1140.000,2848.461
1141.000,2927.585
1142.000,2927.585
1143.000,3006.709
1144.000,2927.585
1145.000,2927.585
1146.000,2848.461
1147.000,2927.585
1148.000,2848.461
1149.000,2927.585
1150.000,2848.461
1151.000,3006.709
1152.000,2927.585
1153.000,3006.709
1154.000,2848.461
1155.000,2927.585
1156.000,2848.461
1157.000,2927.585
1158.000,2848.461
1159.000,3006.709
1160.000,2927.585
1161.000,3006.709
1162.000,2848.461
1163.000,2927.585
1164.000,2848.461
1165.000,2927.585
1166.000,2848.461
1167.000,3006.709
1168.000,2927.585
1169.000,3006.709
1170.000,2848.461
1171.000,2927.585
1172.000,2848.461
1173.000,2927.585
1174.000,2848.461
1175.000,3006.709
1176.000,2848.461
1177.000,2927.585
1178.000,2848.461
1179.000,2927.585
1180.000,2848.461
1181.000,2927.585
1182.000,2848.461
1183.000,3006.709
1184.000,2927.585
1185.000,3006.709
1186.000,2848.461
1187.000,2927.585
1188.000,2848.461
1189.000,2927.585
1190.000,2848.461
1191.000,3006.709
1192.000,2927.585
1193.000,3006.709
1194.000,2848.461
1195.000,2927.585
1196.000,2848.461
1197.000,2927.585
1198.000,2848.461
1199.000,2927.585
1200.000,2927.585
1201.000,3006.709
1202.000,2927.585
1203.000,2927.585
1204.000,2848.461
1205.000,2927.585
1206.000,2848.461
1207.000,2927.585
1208.000,2848.461
1209.000,3006.709
1210.000,2927.585
1211.000,2927.585
1212.000,2848.461
1213.000,2927.585
1214.000,2848.461
1215.000,2927.585
1216.000,2848.461
1217.000,3006.709
1218.000,2927.585
1219.000,3006.709
1220.000,2848.461
1221.000,2927.585
1222.000,2848.461
1223.000,2927.585
1224.000,2848.461
1225.000,3006.709
1226.000,2927.585
1227.000,3006.709
1228.000,2848.461
1229.000,2927.585
1230.000,2848.461
1231.000,2927.585
1232.000,2848.461
1233.000,3006.709
1234.000,2927.585
1235.000,3006.709
1236.000,2848.461
1237.000,2927.585
1238.000,2848.461
1239.000,2927.585
1240.000,2848.461
1241.000,2927.585
1242.000,2927.585
1243.000,3006.709
1244.000,2848.461
1245.000,2927.585
1246.000,2848.461
1247.000,2927.585
1248.000,2848.461
1249.000,2927.585
1250.000,2927.585
1251.000,3006.709
1252.000,2927.585
1253.000,2927.585
1254.000,2848.461
1255.000,2927.585
1256.000,2848.461
1257.000,2927.585
1258.000,2848.461
1259.000,3006.709
1260.000,2927.585
1261.000,2927.585
1262.000,2848.461
1263.000,2927.585
1264.000,2848.461
1265.000,2927.585
1266.000,2848.461
1267.000,3006.709
1268.000,2927.585
1269.000,3006.709
1270.000,2848.461
1271.000,2927.585
1272.000,2848.461
1273.000,2927.585
1274.000,2848.461
1275.000,3006.709
1276.000,2927.585
1277.000,3006.709
1278.000,2848.461
1279.000,2927.585
1280.000,2848.461
1281.000,2927.585
1282.000,2848.461
1283.000,3006.709
1284.000,2927.585
1285.000,3006.709
1286.000,2848.461
1287.000,2927.585
1288.000,2848.461
1289.000,2927.585
1290.000,2848.461
1291.000,2927.585
1292.000,2927.585
1293.000,3006.709
1294.000,2848.461
1295.000,2927.585
1296.000,2848.461
1297.000,2927.585
1298.000,2848.461
1299.000,2927.585
1300.000,2927.585
1301.000,3006.709
1302.000,2848.461
1303.000,2927.585
1304.000,2848.461
1305.000,2927.585
1306.000,2848.461
1307.000,2927.585
1308.000,2927.585
1309.000,3006.709
1310.000,2927.585
1311.000,2927.585
1312.000,2848.461
1313.000,2927.585
1314.000,2848.461
1315.000,2927.585
1316.000,2848.461
1317.000,3006.709
1318.000,2927.585
1319.000,3006.709
1320.000,2848.461
1321.000,2927.585
1322.000,2848.461
1323.000,2927.585
1324.000,2848.461
1325.000,3006.709
1326.000,2927.585
1327.000,3006.709
1328.000,2848.461
1329.000,2927.585
1330.000,2848.461
1331.000,2927.585
1332.000,2848.461
1333.000,3006.709
1334.000,2927.585
1335.000,3006.709
1336.000,2848.461
1337.000,2927.585
1338.000,2848.461
1339.000,2927.585
1340.000,2848.461
1341.000,2927.585
1342.000,2927.585
1343.000,3006.709
1344.000,2848.461
1345.000,2927.585
1346.000,2848.461
1347.000,2927.585
1348.000,2848.461
1349.000,2927.585
1350.000,2927.585
1351.000,3006.709
1352.000,2848.461
1353.000,2927.585
1354.000,2848.461
1355.000,2927.585
1356.000,2848.461
1357.000,2927.585
1358.000,2848.461
1359.000,3006.709
1360.000,2927.585
1361.000,2927.585
1362.000,2848.461
1363.000,2927.585
1364.000,2848.461
1365.000,2927.585
1366.000,2848.461
1367.000,3006.709
1368.000,2927.585
1369.000,3006.709
1370.000,2848.461
1371.000,2927.585
1372.000,2848.461
1373.000,2927.585
1374.000,2848.461
1375.000,3006.709
1376.000,2927.585
1377.000,3006.709
1378.000,2848.461
1379.000,2927.585
1380.000,2848.461
1381.000,2927.585
1382.000,2848.461
1383.000,3006.709
1384.000,2927.585
1385.000,3006.709
1386.000,2848.461
1387.000,2927.585
1388.000,2848.461
1389.000,2927.585
1390.000,2848.461
1391.000,2927.585
1392.000,2927.585
1393.000,3006.709
1394.000,2848.461
1395.000,2927.585
1396.000,2848.461
1397.000,2927.585
1398.000,2848.461
1399.000,2927.585
1400.000,2848.461
1401.000,3006.709
1402.000,2848.461
1403.000,2927.585
1404.000,2848.461
1405.000,2927.585
1406.000,2848.461
1407.000,2927.585
1408.000,2848.461
1409.000,3006.709
1410.000,2848.461
1411.000,2927.585
1412.000,2848.461
1413.000,2927.585
1414.000,2848.461
1415.000,2927.585
1416.000,2848.461
1417.000,3006.709
1418.000,2927.585
1419.000,2927.585
1420.000,2848.461
1421.000,2927.585
1422.000,2848.461
1423.000,2927.585
1424.000,2848.461
1425.000,3006.709
1426.000,2927.585
1427.000,3006.709
1428.000,2848.461
1429.000,2927.585
1430.000,2848.461
1431.000,2927.585
1432.000,2848.461
1433.000,3006.709
1434.000,2927.585
1435.000,3006.709
1436.000,2848.461
1437.000,2927.585
1438.000,2848.461
1439.000,2927.585
1440.000,2848.461
1441.000,2927.585
1442.000,2927.585
1443.000,3006.709
1444.000,2848.461
1445.000,2927.585
1446.000,2848.461
1447.000,2927.585
1448.000,2848.461
1449.000,2927.585
1450.000,2927.585
1451.000,3006.709
1452.000,2927.585
1453.000,2927.585
1454.000,2848.461
1455.000,2927.585
1456.000,2848.461
1457.000,2927.585
1458.000,2927.585
1459.000,3006.709
1460.000,2927.585
1461.000,2927.585
1462.000,2848.461
1463.000,2927.585
1464.000,2848.461
1465.000,2927.585
1466.000,2848.461
1467.000,3006.709
1468.000,2927.585
1469.000,3006.709
1470.000,2848.461
1471.000,2927.585
1472.000,2848.461
1473.000,2927.585
1474.000,2848.461
1475.000,3006.709
1476.000,2927.585
1477.000,3006.709
1478.000,2848.461
1479.000,2927.585
1480.000,2848.461
1481.000,2927.585
1482.000,2848.461
1483.000,3006.709
1484.000,2927.585
1485.000,3006.709
1486.000,2848.461
1487.000,2927.585
1488.000,2848.461
1489.000,2927.585
1490.000,2848.461
1491.000,2927.585
1492.000,2927.585
1493.000,3006.709
1494.000,2848.461
1495.000,2927.585
1496.000,2848.461
1497.000,2927.585
1498.000,2848.461
1499.000,2927.585
1500.000,2848.461
1501.000,3006.709
1502.000,2848.461
1503.000,2927.585
1504.000,2848.461
1505.000,2927.585
1506.000,2848.461
1507.000,2927.585
1508.000,2848.461
1509.000,3006.709
1510.000,2927.585
1511.000,2927.585
1512.000,2848.461
1513.000,2927.585
1514.000,2848.461
1515.000,2927.585
1516.000,2848.461
1517.000,3006.709
1518.000,2927.585
1519.000,2927.585
1520.000,2848.461
1521.000,2927.585
1522.000,2848.461
1523.000,2927.585
1524.000,2848.461
1525.000,3006.709
1526.000,2927.585
1527.000,3006.709
1528.000,2848.461
1529.000,2927.585
1530.000,2848.461
1531.000,2927.585
1532.000,2848.461
1533.000,3006.709
1534.000,2848.461
1535.000,3006.709
1536.000,2848.461
1537.000,2927.585
1538.000,2848.461
1539.000,2927.585
1540.000,2848.461
1541.000,3006.709
1542.000,2927.585
1543.000,3006.709
1544.000,2848.461
1545.000,2927.585
1546.000,2848.461
1547.000,2927.585
1548.000,2848.461
1549.000,3006.709
1550.000,2927.585
1551.000,3006.709
1552.000,2848.461
1553.000,2927.585
1554.000,2848.461
1555.000,2927.585
1556.000,2848.461
1557.000,2927.585
1558.000,2927.585
1559.000,3006.709
1560.000,2927.585
1561.000,2927.585
1562.000,2848.461
1563.000,2927.585
1564.000,2848.461
1565.000,2927.585
1566.000,2848.461
1567.000,3006.709
1568.000,2927.585
1569.000,2927.585
1570.000,2848.461
1571.000,2927.585
1572.000,2848.461
1573.000,2927.585
1574.000,2848.461
1575.000,3006.709
1576.000,2927.585
1577.000,3006.709
1578.000,2848.461
1579.000,2927.585
1580.000,2848.461
1581.000,2927.585
1582.000,2848.461
1583.000,3006.709
1584.000,2927.585
1585.000,3006.709
1586.000,2848.461
1587.000,2927.585
1588.000,2848.461
1589.000,2927.585
1590.000,2848.461
1591.000,2927.585
1592.000,2927.585
1593.000,3006.709
1594.000,2848.461
1595.000,2927.585
1596.000,2848.461
1597.000,2927.585
1598.000,2848.461
1599.000,2927.585
1600.000,2848.461
1601.000,3006.709
1602.000,2848.461
1603.000,2927.585
1604.000,2848.461
1605.000,2927.585
1606.000,2848.461
1607.000,2927.585
1608.000,2848.461
1609.000,3006.709
1610.000,2848.461
1611.000,2927.585
1612.000,2848.461
1613.000,2927.585
1614.000,2848.461
1615.000,2927.585
1616.000,2848.461
1617.000,3006.709
1618.000,2927.585
1619.000,2927.585
1620.000,2848.461
1621.000,2927.585
1622.000,2848.461
1623.000,2927.585
1624.000,2848.461
1625.000,3006.709
1626.000,2927.585
1627.000,3006.709
1628.000,2848.461
1629.000,2927.585
1630.000,2848.461
1631.000,2927.585
1632.000,2848.461
1633.000,3006.709
1634.000,2927.585
1635.000,3006.709
1636.000,2848.461
1637.000,2927.585
1638.000,2848.461
1639.000,2927.585
1640.000,2848.461
1641.000,2927.585
1642.000,2927.585
1643.000,3006.709
1644.000,2848.461
1645.000,2927.585
1646.000,2848.461
1647.000,2927.585
1648.000,2848.461
1649.000,2927.585
1650.000,2848.461
1651.000,3006.709
1652.000,2848.461
1653.000,2927.585
1654.000,2848.461
1655.000,2927.585
1656.000,2848.461
1657.000,2927.585
1658.000,2848.461
1659.000,3006.709
1660.000,2848.461
1661.000,2927.585
1662.000,2848.461
1663.000,2927.585
1664.000,2848.461
1665.000,2927.585
1666.000,2848.461
1667.000,3006.709
1668.000,2848.461
1669.000,2927.585
1670.000,2848.461
1671.000,2927.585
1672.000,2848.461
1673.000,2927.585
1674.000,2848.461
1675.000,3006.709
1676.000,2927.585
1677.000,3006.709
1678.000,2848.461
1679.000,2927.585
1680.000,2848.461
1681.000,2927.585
1682.000,2848.461
1683.000,3006.709
1684.000,2927.585
1685.000,3006.709
1686.000,2848.461
1687.000,2927.585
1688.000,2848.461
1689.000,2927.585
1690.000,2848.461
1691.000,3006.709
1692.000,2927.585
1693.000,3006.709
1694.000,2848.461
1695.000,2927.585
1696.000,2848.461
1697.000,2927.585
1698.000,2848.461
1699.000,2927.585
1700.000,2927.585
1701.000,3006.709
1702.000,2848.461
1703.000,2927.585
1704.000,2848.461
1705.000,2927.585
1706.000,2848.461
1707.000,2927.585
1708.000,2848.461
1709.000,3006.709
1710.000,2927.585
1711.000,2927.585
1712.000,2848.461
1713.000,2927.585
1714.000,2848.461
1715.000,2927.585
1716.000,2848.461
1717.000,3006.709
1718.000,2927.585
1719.000,3006.709
1720.000,2848.461
1721.000,2927.585
1722.000,2848.461
1723.000,2927.585
1724.000,2848.461
1725.000,2927.585
1726.000,2848.461
1727.000,3006.709
1728.000,2848.461
1729.000,2927.585
1730.000,2848.461
1731.000,2927.585
1732.000,2848.461
1733.000,2927.585
1734.000,2848.461
1735.000,3006.709
1736.000,2848.461
1737.000,2927.585
1738.000,2848.461
1739.000,2927.585
1740.000,2848.461
1741.000,2927.585
1742.000,2848.461
1743.000,3006.709
1744.000,2848.461
1745.000,2927.585
1746.000,2848.461
1747.000,2927.585
1748.000,2848.461
1749.000,2927.585
1750.000,2848.461
1751.000,3006.709
1752.000,2848.461
1753.000,2927.585
1754.000,2848.461
1755.000,2927.585
1756.000,2848.461
1757.000,2927.585
1758.000,2848.461
1759.000,3006.709
1760.000,2848.461
1761.000,2927.585
1762.000,2848.461
1763.000,2927.585
1764.000,2848.461
1765.000,2927.585
1766.000,2848.461
1767.000,3006.709
1768.000,2927.585
1769.000,3006.709
1770.000,2848.461
1771.000,2927.585
1772.000,2848.461
1773.000,2927.585
1774.000,2848.461
1775.000,3006.709
1776.000,2848.461
1777.000,3006.709
1778.000,2848.461
1779.000,2927.585
1780.000,2848.461
1781.000,2927.585
1782.000,2848.461
1783.000,3006.709
1784.000,2848.461
1785.000,3006.709
1786.000,2848.461
1787.000,2927.585
1788.000,2848.461
1789.000,2927.585
1790.000,2848.461
1791.000,2927.585
1792.000,2848.461
1793.000,3006.709
1794.000,2848.461
1795.000,2927.585
1796.000,2848.461
1797.000,2927.585
1798.000,2848.461
1799.000,2927.585
1800.000,2848.461
1801.000,3006.709
1802.000,2848.461
1803.000,2927.585
1804.000,2848.461
1805.000,2927.585
1806.000,2848.461
1807.000,2927.585
1808.000,2848.461
1809.000,3006.709
1810.000,2848.461
1811.000,2927.585
1812.000,2848.461
1813.000,2927.585
1814.000,2848.461
1815.000,2927.585
1816.000,2848.461
1817.000,3006.709
1818.000,2927.585
1819.000,3006.709
1820.000,2848.461
1821.000,2927.585
1822.000,2848.461
1823.000,2927.585
1824.000,2848.461
1825.000,3006.709
1826.000,2927.585
1827.000,3006.709
1828.000,2848.461
1829.000,2927.585
1830.000,2848.461
1831.000,2927.585
1832.000,2848.461
1833.000,3006.709
1834.000,2927.585
1835.000,3006.709
1836.000,2848.461
1837.000,2927.585
1838.000,2848.461
1839.000,2927.585
1840.000,2848.461
1841.000,2927.585
1842.000,2848.461
1843.000,3006.709
1844.000,2848.461
1845.000,2927.585
1846.000,2848.461
1847.000,2927.585
1848.000,2848.461
1849.000,2927.585
1850.000,2848.461
1851.000,3006.709
1852.000,2848.461
1853.000,2927.585
1854.000,2848.461
1855.000,2927.585
1856.000,2848.461
1857.000,2927.585
1858.000,2848.461
1859.000,3006.709
1860.000,2848.461
1861.000,2927.585
1862.000,2848.461
1863.000,2927.585
1864.000,2848.461
1865.000,2927.585
1866.000,2848.461
1867.000,3006.709
1868.000,2848.461
1869.000,2927.585
1870.000,2848.461
1871.000,2927.585
1872.000,2848.461
1873.000,2927.585
1874.000,2848.461
1875.000,3006.709
1876.000,2848.461
1877.000,3006.709
1878.000,2848.461
1879.000,2927.585
1880.000,2848.461
1881.000,2927.585
1882.000,2848.461
1883.000,2927.585
1884.000,2848.461
1885.000,3006.709
1886.000,2848.461
1887.000,2927.585
1888.000,2848.461
1889.000,2927.585
1890.000,2848.461
1891.000,2927.585
1892.000,2848.461
1893.000,3006.709
1894.000,2848.461
1895.000,2927.585
1896.000,2848.461
1897.000,2927.585
1898.000,2848.461
1899.000,2927.585
1900.000,2848.461
1901.000,3006.709
1902.000,2848.461
1903.000,2927.585
1904.000,2848.461
1905.000,2927.585
1906.000,2848.461
1907.000,2927.585
1908.000,2848.461
1909.000,3006.709
1910.000,2848.461
1911.000,2927.585
1912.000,2848.461
1913.000,2927.585
1914.000,2848.461
1915.000,2927.585
1916.000,2848.461
1917.000,3006.709
1918.000,2927.585
1919.000,2927.585
1920.000,2848.461
1921.000,2927.585
1922.000,2848.461
1923.000,2927.585
1924.000,2848.461
1925.000,3006.709
1926.000,2927.585
1927.000,3006.709
1928.000,2848.461
1929.000,2927.585
1930.000,2769.337
1931.000,2927.585
1932.000,2848.461
1933.000,3006.709
1934.000,2927.585
1935.000,3006.709
1936.000,2848.461
1937.000,2927.585
1938.000,2848.461
1939.000,2927.585
1940.000,2848.461
1941.000,2927.585
1942.000,2848.461
1943.000,3006.709
1944.000,2848.461
1945.000,2927.585
1946.000,2848.461
1947.000,2927.585
1948.000,2848.461
1949.000,2927.585
1950.000,2848.461
1951.000,3006.709
1952.000,2848.461
1953.000,3006.709
1954.000,2848.461
1955.000,2927.585
1956.000,2848.461
1957.000,2927.585
1958.000,2848.461
1959.000,3006.709
1960.000,2848.461
1961.000,2927.585
1962.000,2848.461
1963.000,2927.585
1964.000,2848.461
1965.000,2927.585
1966.000,2848.461
1967.000,3006.709
1968.000,2848.461
1969.000,3006.709
1970.000,2848.461
1971.000,2927.585
1972.000,2848.461
1973.000,2927.585
1974.000,2848.461
1975.000,3006.709
1976.000,2848.461
1977.000,3006.709
1978.000,2848.461
1979.000,2927.585
1980.000,2848.461
1981.000,2927.585
1982.000,2848.461
1983.000,3006.709
1984.000,2927.585
1985.000,3006.709
1986.000,2848.461
1987.000,2927.585
1988.000,2848.461
1989.000,2927.585
1990.000,2848.461
1991.000,2927.585
1992.000,2848.461
1993.000,3006.709
1994.000,2848.461
1995.000,2927.585
1996.000,2848.461
1997.000,2927.585
1998.000,2848.461
1999.000,2927.585
2000.000,2848.461
2001.000,3006.709
2002.000,2927.585
2003.000,2927.585
2004.000,2848.461
2005.000,2927.585
2006.000,2848.461
2007.000,2927.585
2008.000,2848.461
2009.000,3006.709
2010.000,2927.585
2011.000,3006.709
2012.000,2848.461
2013.000,2927.585
2014.000,2848.461
2015.000,2927.585
2016.000,2848.461
2017.000,2927.585
2018.000,2848.461
2019.000,3006.709
2020.000,2848.461
2021.000,2927.585
2022.000,2848.461
2023.000,2927.585
2024.000,2848.461
2025.000,2927.585
2026.000,2848.461
2027.000,3006.709
2028.000,2848.461
2029.000,2927.585
2030.000,2848.461
2031.000,2927.585
2032.000,2848.461
2033.000,2927.585
2034.000,2848.461
2035.000,3006.709
2036.000,2848.461
2037.000,2927.585
2038.000,2848.461
2039.000,2927.585
2040.000,2848.461
2041.000,2927.585
2042.000,2848.461
2043.000,3006.709
2044.000,2848.461
2045.000,2927.585
2046.000,2848.461
2047.000,2927.585
2048.000,2848.461
2049.000,2927.585
2050.000,2848.461
2051.000,3006.709
2052.000,2848.461
2053.000,2927.585
2054.000,2848.461
2055.000,2927.585
2056.000,2848.461
2057.000,2927.585
2058.000,2848.461
2059.000,3006.709
2060.000,2927.585
2061.000,3006.709
2062.000,2848.461
2063.000,2927.585
2064.000,2848.461
2065.000,2927.585
2066.000,2848.461
2067.000,3006.709
2068.000,2927.585
2069.000,3006.709
2070.000,2848.461
2071.000,2927.585
2072.000,2848.461
2073.000,2927.585
2074.000,2848.461
2075.000,2927.585
2076.000,2848.461
2077.000,3006.709
2078.000,2848.461
2079.000,2927.585
2080.000,2848.461
2081.000,2927.585
2082.000,2848.461
2083.000,2927.585
2084.000,2848.461
2085.000,3006.709
2086.000,2848.461
2087.000,2927.585
2088.000,2848.461
2089.000,2927.585
2090.000,2848.461
2091.000,2927.585
2092.000,2848.461
2093.000,3006.709
2094.000,2848.461
2095.000,2927.585
2096.000,2848.461
2097.000,2927.585
2098.000,2848.461
2099.000,2927.585
2100.000,2848.461
2101.000,3006.709
2102.000,2848.461
2103.000,2927.585
2104.000,2848.461
2105.000,2927.585
2106.000,2848.461
2107.000,2927.585
2108.000,2848.461
2109.000,3006.709
2110.000,2848.461
2111.000,3006.709
2112.000,2848.461
2113.000,2927.585
2114.000,2848.461
2115.000,2927.585
2116.000,2848.461
2117.000,3006.709
2118.000,2848.461
2119.000,3006.709
2120.000,2848.461
2121.000,2927.585
2122.000,2848.461
2123.000,2927.585
2124.000,2848.461
2125.000,3006.709
2126.000,2848.461
2127.000,3006.709
2128.000,2848.461
2129.000,2927.585
2130.000,2848.461
2131.000,2927.585
2132.000,2848.461
2133.000,2927.585
2134.000,2848.461
2135.000,3006.709
2136.000,2848.461
2137.000,2927.585
2138.000,2848.461
2139.000,2927.585
2140.000,2848.461
2141.000,2927.585
2142.000,2848.461
2143.000,3006.709
2144.000,2848.461
2145.000,2927.585
2146.000,2848.461
2147.000,2927.585
2148.000,2848.461
2149.000,2927.585
2150.000,2848.461
2151.000,3006.709
2152.000,2848.461
2153.000,2927.585
2154.000,2848.461
2155.000,2927.585
2156.000,2848.461
2157.000,2927.585
2158.000,2848.461
2159.000,3006.709
2160.000,2927.585
2161.000,2927.585
2162.000,2848.461
2163.000,2927.585
2164.000,2848.461
2165.000,2927.585
2166.000,2848.461
2167.000,3006.709
2168.000,2927.585
2169.000,3006.709
2170.000,2848.461
2171.000,2927.585
2172.000,2769.337
2173.000,2927.585
2174.000,2848.461
2175.000,3006.709
2176.000,2927.585
2177.000,3006.709
2178.000,2848.461
2179.000,2927.585
2180.000,2848.461
2181.000,2927.585
2182.000,2848.461
2183.000,2927.585
2184.000,2927.585
2185.000,3006.709
2186.000,2848.461
2187.000,2927.585
2188.000,2848.461
2189.000,2927.585
2190.000,2848.461
2191.000,2927.585
2192.000,2848.461
2193.000,3006.709
2194.000,2848.461
2195.000,2927.585
2196.000,2848.461
2197.000,2927.585
2198.000,2848.461
2199.000,2927.585
2200.000,2848.461
2201.000,3006.709
2202.000,2848.461
2203.000,2927.585
2204.000,2848.461
2205.000,2927.585
2206.000,2848.461
2207.000,2927.585
2208.000,2848.461
2209.000,3006.709
2210.000,2848.461
2211.000,3006.709
2212.000,2848.461
2213.000,2927.585
2214.000,2848.461
2215.000,2927.585
2216.000,2848.461
2217.000,3006.709
2218.000,2848.461
2219.000,3006.709
2220.000,2848.461
2221.000,2927.585
2222.000,2848.461
2223.000,2927.585
2224.000,2848.461
2225.000,3006.709
2226.000,2927.585
2227.000,3006.709
2228.000,2848.461
2229.000,2927.585
2230.000,2848.461
2231.000,2927.585
2232.000,2848.461
2233.000,3006.709
2234.000,2927.585
2235.000,3006.709
2236.000,2848.461
2237.000,2927.585
2238.000,2848.461
2239.000,2927.585
2240.000,2848.461
2241.000,2927.585
2242.000,2848.461
2243.000,3006.709
2244.000,2848.461
2245.000,2927.585
2246.000,2848.461
2247.000,2927.585
2248.000,2848.461
2249.000,2927.585
2250.000,2848.461
2251.000,3006.709
2252.000,2848.461
2253.000,2927.585
2254.000,2848.461
2255.000,2927.585
2256.000,2848.461
2257.000,2927.585
2258.000,2848.461
2259.000,3006.709
2260.000,2848.461
2261.000,3006.709
2262.000,2848.461
2263.000,2927.585
2264.000,2848.461
2265.000,2927.585
2266.000,2848.461
2267.000,3006.709
2268.000,2848.461
2269.000,3006.709
2270.000,2848.461
2271.000,2927.585
2272.000,2848.461
2273.000,2927.585
2274.000,2848.461
2275.000,3006.709
2276.000,2927.585
2277.000,3006.709
2278.000,2848.461
2279.000,2927.585
2280.000,2848.461
2281.000,2927.585
2282.000,2848.461
2283.000,3006.709
2284.000,2927.585
2285.000,3006.709
2286.000,2848.461
2287.000,2927.585
2288.000,2848.461
2289.000,2927.585
2290.000,2848.461
2291.000,2927.585
2292.000,2927.585
2293.000,3006.709
2294.000,2927.585
2295.000,2927.585
2296.000,2848.461
2297.000,2927.585
2298.000,2848.461
2299.000,2927.585
2300.000,2848.461
2301.000,3006.709
2302.000,2927.585
2303.000,3006.709
2304.000,2848.461
2305.000,2927.585
2306.000,2769.337
2307.000,2927.585
2308.000,2848.461
2309.000,3006.709
2310.000,2927.585
2311.000,3006.709
2312.000,2848.461
2313.000,2927.585
2314.000,2848.461
2315.000,2927.585
2316.000,2848.461
2317.000,3006.709
2318.000,2927.585
2319.000,3006.709
2320.000,2848.461
2321.000,2927.585
2322.000,2848.461
2323.000,2927.585
2324.000,2848.461
2325.000,2927.585
2326.000,2848.461
2327.000,3006.709
2328.000,2848.461
2329.000,2927.585
2330.000,2848.461
2331.000,2927.585
2332.000,2848.461
2333.000,2927.585
2334.000,2848.461
2335.000,3006.709
2336.000,2848.461
2337.000,2927.585
2338.000,2848.461
2339.000,2927.585
2340.000,2848.461
2341.000,2927.585
2342.000,2848.461
2343.000,3006.709
2344.000,2848.461
2345.000,2927.585
2346.000,2848.461
2347.000,2927.585
2348.000,2848.461
2349.000,2927.585
2350.000,2848.461
2351.000,3006.709
2352.000,2848.461
2353.000,2927.585
2354.000,2848.461
2355.000,2927.585
2356.000,2848.461
2357.000,2927.585
2358.000,2848.461
2359.000,3006.709
2360.000,2848.461
2361.000,2927.585
2362.000,2848.461
2363.000,2927.585
2364.000,2848.461
2365.000,2927.585
2366.000,2848.461
2367.000,3006.709
2368.000,2927.585
2369.000,3006.709
2370.000,2848.461
2371.000,2927.585
2372.000,2848.461
2373.000,2927.585
2374.000,2848.461
2375.000,3006.709
2376.000,2927.585
2377.000,3006.709
2378.000,2848.461
2379.000,2927.585
2380.000,2848.461
2381.000,2927.585
2382.000,2848.461
2383.000,2927.585
2384.000,2848.461
2385.000,3006.709
2386.000,2848.461
2387.000,2927.585
2388.000,2848.461
2389.000,2927.585
2390.000,2848.461
2391.000,2927.585
2392.000,2848.461
2393.000,3006.709
2394.000,2848.461
2395.000,2927.585
2396.000,2848.461
2397.000,2927.585
2398.000,2848.461
2399.000,2927.585
2400.000,2848.461
2401.000,3006.709
2402.000,2848.461
2403.000,2927.585
2404.000,2848.461
2405.000,2927.585
2406.000,2848.461
2407.000,2927.585
2408.000,2848.461
2409.000,3006.709
2410.000,2848.461
2411.000,2927.585
2412.000,2848.461
2413.000,2927.585
2414.000,2848.461
2415.000,2927.585
2416.000,2848.461
2417.000,3006.709
2418.000,2927.585
2419.000,3006.709
2420.000,2848.461
2421.000,2927.585
2422.000,2769.337
2423.000,2927.585
2424.000,2848.461
2425.000,3006.709
2426.000,2927.585
2427.000,3006.709
2428.000,2848.461
2429.000,2927.585
2430.000,2769.337
2431.000,2927.585
2432.000,2848.461
2433.000,3006.709
2434.000,2927.585
2435.000,3006.709
2436.000,2848.461
2437.000,2927.585
2438.000,2848.461
2439.000,2927.585
2440.000,2848.461
2441.000,2927.585
2442.000,2848.461
2443.000,3006.709
2444.000,2848.461
2445.000,2927.585
2446.000,2848.461
2447.000,2927.585
2448.000,2848.461
2449.000,2927.585
2450.000,2848.461
2451.000,3006.709
2452.000,2848.461
2453.000,2927.585
2454.000,2848.461
2455.000,2927.585
2456.000,2848.461
2457.000,2927.585
2458.000,2848.461
2459.000,3006.709
2460.000,2848.461
2461.000,2927.585
2462.000,2848.461
2463.000,2927.585
2464.000,2848.461
2465.000,2927.585
2466.000,2848.461
2467.000,3006.709
2468.000,2848.461
2469.000,3006.709
2470.000,2848.461
2471.000,2927.585
2472.000,2848.461
2473.000,2927.585
2474.000,2848.461
2475.000,3006.709
2476.000,2927.585
2477.000,3006.709
2478.000,2848.461
2479.000,2927.585
2480.000,2848.461
2481.000,2927.585
2482.000,2848.461
2483.000,3006.709
2484.000,2927.585
2485.000,3006.709
2486.000,2848.461
2487.000,2927.585
2488.000,2848.461
2489.000,2927.585
2490.000,2848.461
2491.000,3006.709
2492.000,2927.585
2493.000,3006.709
2494.000,2848.461
2495.000,2927.585
2496.000,2848.461
2497.000,2927.585
2498.000,2848.461
2499.000,2927.585
2500.000,2848.461
2501.000,3006.709
2502.000,2927.585
2503.000,2927.585
2504.000,2848.461
2505.000,2927.585
2506.000,2848.461
2507.000,2927.585
2508.000,2848.461
2509.000,3006.709
2510.000,2927.585
2511.000,3006.709
2512.000,2848.461
2513.000,2927.585
2514.000,2848.461
2515.000,2927.585
2516.000,2848.461
2517.000,3006.709
2518.000,2927.585
2519.000,3006.709
2520.000,2848.461
2521.000,2927.585
2522.000,2848.461
2523.000,2927.585
2524.000,2848.461
2525.000,3006.709
2526.000,2927.585
2527.000,3006.709
2528.000,2848.461
2529.000,2927.585
2530.000,2848.461
2531.000,2927.585
2532.000,2848.461
2533.000,2927.585
2534.000,2927.585
2535.000,3006.709
2536.000,2848.461
2537.000,2927.585
2538.000,2848.461
2539.000,2927.585
2540.000,2848.461
2541.000,2927.585
2542.000,2927.585
2543.000,3006.709
2544.000,2848.461
2545.000,2927.585
2546.000,2848.461
2547.000,2927.585
2548.000,2848.461
2549.000,2927.585
2550.000,2848.461
2551.000,3006.709
2552.000,2927.585
2553.000,3006.709
2554.000,2848.461
2555.000,2927.585
2556.000,2848.461
2557.000,2927.585
2558.000,2848.461
2559.000,3006.709
2560.000,2927.585
2561.000,3006.709
2562.000,2848.461
2563.000,2927.585
2564.000,2848.461
2565.000,2927.585
2566.000,2848.461
2567.000,3006.709
2568.000,2927.585
2569.000,3006.709
2570.000,2848.461
2571.000,2927.585
2572.000,2848.461
2573.000,2927.585
2574.000,2848.461
2575.000,3006.709
2576.000,2848.461
2577.000,3006.709
2578.000,2848.461
2579.000,2927.585
2580.000,2848.461
2581.000,2927.585
2582.000,2848.461
2583.000,3006.709
2584.000,2848.461
2585.000,3006.709
2586.000,2848.461
2587.000,2927.585
2588.000,2848.461
2589.000,2927.585
2590.000,2848.461
2591.000,3006.709
2592.000,2927.585
2593.000,3006.709
2594.000,2848.461
2595.000,2927.585
2596.000,2848.461
2597.000,2927.585
2598.000,2848.461
2599.000,2927.585
2600.000,2848.461
2601.000,3006.709
2602.000,2848.461
2603.000,2927.585
2604.000,2848.461
2605.000,2927.585
2606.000,2848.461
2607.000,2927.585
2608.000,2848.461
2609.000,3006.709
2610.000,2927.585
2611.000,3006.709
2612.000,2848.461
2613.000,2927.585
2614.000,2848.461
2615.000,2927.585
2616.000,2848.461
2617.000,3006.709
2618.000,2927.585
2619.000,3006.709
2620.000,2848.461
2621.000,2927.585
2622.000,2848.461
2623.000,2927.585
2624.000,2848.461
2625.000,3006.709
2626.000,2927.585
2627.000,3006.709
2628.000,2848.461
2629.000,2927.585
2630.000,2848.461
2631.000,2927.585
2632.000,2848.461
2633.000,3006.709
2634.000,2848.461
2635.000,3006.709
2636.000,2848.461
2637.000,2927.585
2638.000,2848.461
2639.000,2927.585
2640.000,2848.461
2641.000,3006.709
2642.000,2927.585
2643.000,3006.709
2644.000,2848.461
2645.000,2927.585
2646.000,2848.461
2647.000,2927.585
2648.000,2848.461
2649.000,2927.585
2650.000,2848.461
2651.000,3006.709
2652.000,2848.461
2653.000,2927.585
2654.000,2848.461
2655.000,2927.585
2656.000,2848.461
2657.000,2927.585
2658.000,2848.461
2659.000,3006.709
2660.000,2927.585
2661.000,3006.709
2662.000,2848.461
2663.000,2927.585
2664.000,2848.461
2665.000,2927.585
2666.000,2848.461
2667.000,3006.709
2668.000,2927.585
2669.000,3006.709
2670.000,2848.461
2671.000,2927.585
2672.000,2848.461
2673.000,2927.585
2674.000,2848.461
2675.000,3006.709
2676.000,2927.585
2677.000,3006.709
2678.000,2848.461
2679.000,2927.585
2680.000,2848.461
2681.000,2927.585
2682.000,2848.461
2683.000,2927.585
2684.000,2848.461
2685.000,3006.709
2686.000,2848.461
2687.000,2927.585
2688.000,2848.461
2689.000,2927.585
2690.000,2848.461
2691.000,2927.585
2692.000,2848.461
2693.000,3006.709
2694.000,2848.461
2695.000,2927.585
2696.000,2848.461
2697.000,2927.585
2698.000,2848.461
2699.000,2927.585
2700.000,2848.461
2701.000,3006.709
2702.000,2848.461
2703.000,2927.585
2704.000,2848.461
2705.000,2927.585
2706.000,2848.461
2707.000,2927.585
2708.000,2848.461
2709.000,3006.709
2710.000,2848.461
2711.000,2927.585
2712.000,2848.461
2713.000,2927.585
2714.000,2848.461
2715.000,2927.585
2716.000,2848.461
2717.000,3006.709
2718.000,2927.585
2719.000,3006.709
2720.000,2848.461
2721.000,2927.585
2722.000,2848.461
2723.000,2927.585
2724.000,2848.461
2725.000,3006.709
2726.000,2927.585
2727.000,3006.709
2728.000,2848.461
2729.000,2927.585
2730.000,2769.337
2731.000,2927.585
2732.000,2848.461
2733.000,3006.709
2734.000,2927.585
2735.000,3006.709
2736.000,2848.461
2737.000,2927.585
2738.000,2848.461
2739.000,2927.585
2740.000,2848.461
2741.000,2927.585
2742.000,2927.585
2743.000,3006.709
2744.000,2848.461
2745.000,2927.585
2746.000,2848.461
2747.000,2927.585
2748.000,2848.461
2749.000,2927.585
2750.000,2848.461
2751.000,3006.709
2752.000,2848.461
2753.000,2927.585
2754.000,2848.461
2755.000,2927.585
2756.000,2848.461
2757.000,2927.585
2758.000,2848.461
2759.000,3006.709
2760.000,2848.461
2761.000,2927.585
2762.000,2848.461
2763.000,2927.585
2764.000,2848.461
2765.000,2927.585
2766.000,2848.461
2767.000,3006.709
2768.000,2848.461
2769.000,3006.709
2770.000,2848.461
2771.000,2927.585
2772.000,2848.461
2773.000,2927.585
2774.000,2848.461
2775.000,3006.709
2776.000,2927.585
2777.000,3006.709
2778.000,2848.461
2779.000,2927.585
2780.000,2848.461
2781.000,2927.585
2782.000,2848.461
2783.000,3006.709
2784.000,2927.585
2785.000,3006.709
2786.000,2848.461
2787.000,2927.585
2788.000,2848.461
2789.000,2927.585
2790.000,2848.461
2791.000,2927.585
2792.000,2927.585
2793.000,3006.709
2794.000,2927.585
2795.000,2927.585
2796.000,2848.461
2797.000,2927.585
2798.000,2848.461
2799.000,2927.585
2800.000,2848.461
2801.000,3006.709
2802.000,2927.585
2803.000,3006.709
2804.000,2848.461
2805.000,2927.585
2806.000,2848.461
2807.000,2927.585
2808.000,2848.461
2809.000,3006.709
2810.000,2848.461
2811.000,3006.709
2812.000,2848.461
2813.000,2927.585
2814.000,2848.461
2815.000,2927.585
2816.000,2848.461
2817.000,3006.709
2818.000,2848.461
2819.000,3006.709
2820.000,2848.461
2821.000,2927.585
2822.000,2848.461
2823.000,2927.585
2824.000,2848.461
2825.000,3006.709
2826.000,2848.461
2827.000,3006.709
2828.000,2848.461
2829.000,2927.585
2830.000,2848.461
2831.000,2927.585
2832.000,2848.461
2833.000,3006.709
2834.000,2848.461
2835.000,3006.709
2836.000,2848.461
2837.000,2927.585
2838.000,2848.461
2839.000,2927.585
2840.000,2848.461
2841.000,3006.709
2842.000,2927.585
2843.000,3006.709
2844.000,2848.461
2845.000,2927.585
2846.000,2848.461
2847.000,2927.585
2848.000,2848.461
2849.000,2927.585
2850.000,2848.461
2851.000,3006.709
2852.000,2848.461
2853.000,2927.585
2854.000,2848.461
2855.000,2927.585
2856.000,2848.461
2857.000,2927.585
2858.000,2848.461
2859.000,3006.709
2860.000,2927.585
2861.000,3006.709
2862.000,2848.461
2863.000,2927.585
2864.000,2848.461
2865.000,2927.585
2866.000,2848.461
2867.000,3006.709
2868.000,2927.585
2869.000,3006.709
2870.000,2848.461
2871.000,2927.585
2872.000,2848.461
2873.000,2927.585
2874.000,2848.461
2875.000,3006.709
2876.000,2848.461
2877.000,3006.709
2878.000,2848.461
2879.000,2927.585
2880.000,2848.461
2881.000,2927.585
2882.000,2848.461
2883.000,3006.709
2884.000,2848.461
2885.000,3006.709
2886.000,2848.461
2887.000,2927.585
2888.000,2848.461
2889.000,2927.585
2890.000,2848.461
2891.000,2927.585
2892.000,2848.461
2893.000,3006.709
2894.000,2848.461
2895.000,2927.585
2896.000,2848.461
2897.000,2927.585
2898.000,2848.461
2899.000,2927.585
2900.000,2848.461
2901.000,3006.709
2902.000,2848.461
2903.000,2927.585
2904.000,2848.461
2905.000,2927.585
2906.000,2848.461
2907.000,2927.585
2908.000,2848.461
2909.000,3006.709
2910.000,2848.461
2911.000,3006.709
2912.000,2848.461
2913.000,2927.585
2914.000,2848.461
2915.000,2927.585
2916.000,2848.461
2917.000,3006.709
2918.000,2848.461
2919.000,3006.709
2920.000,2848.461
2921.000,2927.585
2922.000,2848.461
2923.000,2927.585
2924.000,2848.461
2925.000,3006.709
2926.000,2848.461
2927.000,3006.709
2928.000,2848.461
2929.000,2927.585
2930.000,2848.461
2931.000,2927.585
2932.000,2848.461
2933.000,3006.709
2934.000,2848.461
2935.000,3006.709
2936.000,2848.461
2937.000,2927.585
2938.000,2848.461
2939.000,2927.585
2940.000,2848.461
2941.000,2927.585
2942.000,2848.461
2943.000,3006.709
2944.000,2848.461
2945.000,2927.585
2946.000,2848.461
2947.000,2927.585
2948.000,2848.461
2949.000,3006.709
2950.000,2848.461
2951.000,3006.709
2952.000,2848.461
2953.000,2927.585
2954.000,2848.461
2955.000,2927.585
2956.000,2848.461
2957.000,2927.585
2958.000,2848.461
2959.000,3006.709
2960.000,2848.461
2961.000,2927.585
2962.000,2848.461
2963.000,2927.585
2964.000,2848.461
2965.000,2927.585
2966.000,2848.461
2967.000,3006.709
2968.000,2848.461
2969.000,3006.709
2970.000,2848.461
2971.000,2927.585
2972.000,2848.461
2973.000,2927.585
2974.000,2848.461
2975.000,3006.709
2976.000,2848.461
2977.000,3006.709
2978.000,2848.461
2979.000,2927.585
2980.000,2848.461
2981.000,2927.585
2982.000,2848.461
2983.000,3006.709
2984.000,2848.461
2985.000,3006.709
2986.000,2848.461
2987.000,2927.585
2988.000,2848.461
2989.000,2927.585
2990.000,2848.461
2991.000,2927.585
2992.000,2848.461
2993.000,3006.709
2994.000,2848.461
2995.000,2927.585
2996.000,2848.461
2997.000,2927.585
2998.000,2848.461
2999.000,2927.585
3000.000,2848.461
3001.000,3006.709
3002.000,2848.461
3003.000,2927.585
3004.000,2848.461
3005.000,2927.585
3006.000,2848.461
3007.000,2927.585
3008.000,2848.461
3009.000,3006.709
3010.000,2848.461
3011.000,3006.709
3012.000,2848.461
3013.000,2927.585
3014.000,2848.461
3015.000,2927.585
3016.000,2848.461
3017.000,3006.709
3018.000,2927.585
3019.000,3006.709
3020.000,2848.461
3021.000,2927.585
3022.000,2848.461
3023.000,2927.585
3024.000,2848.461
3025.000,3006.709
3026.000,2848.461
3027.000,3006.709
3028.000,2848.461
3029.000,2927.585
3030.000,2848.461
3031.000,2927.585
3032.000,2848.461
3033.000,3006.709
3034.000,2848.461
3035.000,3006.709
3036.000,2848.461
3037.000,2927.585
3038.000,2848.461
3039.000,2927.585
3040.000,2848.461
3041.000,2927.585
3042.000,2848.461
3043.000,3006.709
3044.000,2848.461
3045.000,2927.585
3046.000,2848.461
3047.000,2927.585
3048.000,2848.461
3049.000,2927.585
3050.000,2848.461
3051.000,3006.709
3052.000,2848.461
3053.000,2927.585
3054.000,2848.461
3055.000,2927.585
3056.000,2848.461
3057.000,2927.585
3058.000,2848.461
3059.000,3006.709
3060.000,2848.461
3061.000,2927.585
3062.000,2848.461
3063.000,2927.585
3064.000,2848.461
3065.000,2927.585
3066.000,2848.461
3067.000,3006.709
3068.000,2848.461
3069.000,3006.709
3070.000,2848.461
3071.000,2927.585
3072.000,2848.461
3073.000,2927.585
3074.000,2848.461
3075.000,3006.709
3076.000,2848.461
3077.000,3006.709
3078.000,2848.461
3079.000,2927.585
3080.000,2848.461
3081.000,2927.585
3082.000,2848.461
3083.000,3006.709
3084.000,2927.585
3085.000,3006.709
3086.000,2848.461
3087.000,2927.585
3088.000,2848.461
3089.000,2927.585
3090.000,2848.461
3091.000,3006.709
3092.000,2927.585
3093.000,3006.709
3094.000,2848.461
3095.000,2927.585
3096.000,2848.461
3097.000,2927.585
3098.000,2848.461
3099.000,2927.585
3100.000,2848.461
3101.000,3006.709
3102.000,2927.585
3103.000,3006.709
3104.000,2848.461
3105.000,2927.585
3106.000,2848.461
3107.000,2927.585
3108.000,2848.461
3109.000,3006.709
3110.000,2848.461
3111.000,3006.709
3112.000,2848.461
3113.000,2927.585
3114.000,2848.461
3115.000,2927.585
3116.000,2848.461
3117.000,3006.709
3118.000,2848.461
3119.000,3006.709
3120.000,2848.461
3121.000,2927.585
3122.000,2848.461
3123.000,2927.585
3124.000,2848.461
3125.000,3006.709
3126.000,2848.461
3127.000,3006.709
3128.000,2848.461
3129.000,2927.585
3130.000,2848.461
3131.000,2927.585
3132.000,2848.461
3133.000,2927.585
3134.000,2848.461
3135.000,3006.709
3136.000,2848.461
3137.000,2927.585
3138.000,2848.461
3139.000,2927.585
3140.000,2848.461
3141.000,2927.585
3142.000,2848.461
3143.000,3006.709
3144.000,2848.461
3145.000,2927.585
3146.000,2848.461
3147.000,2927.585
3148.000,2848.461
3149.000,2927.585
3150.000,2848.461
3151.000,3006.709
3152.000,2848.461
3153.000,3006.709
3154.000,2848.461
3155.000,2927.585
3156.000,2848.461
3157.000,2927.585
3158.000,2848.461
3159.000,3006.709
3160.000,2927.585
3161.000,3006.709
3162.000,2848.461
3163.000,2927.585
3164.000,2848.461
3165.000,2927.585
3166.000,2848.461
3167.000,3006.709
3168.000,2848.461
3169.000,3006.709
3170.000,2848.461
3171.000,2927.585
3172.000,2848.461
3173.000,2927.585
3174.000,2848.461
3175.000,2927.585
3176.000,2848.461
3177.000,3006.709
3178.000,2848.461
3179.000,2927.585
3180.000,2848.461
3181.000,2927.585
3182.000,2848.461
3183.000,2927.585
3184.000,2848.461
3185.000,3006.709
3186.000,2848.461
3187.000,2927.585
3188.000,2848.461
3189.000,2927.585
3190.000,2848.461
3191.000,2927.585
3192.000,2848.461
3193.000,3006.709
3194.000,2848.461
3195.000,2927.585
3196.000,2848.461
3197.000,2927.585
3198.000,2848.461
3199.000,2927.585
3200.000,2848.461
3201.000,3006.709
3202.000,2848.461
3203.000,2927.585
3204.000,2848.461
3205.000,2927.585
3206.000,2848.461
3207.000,2927.585
3208.000,2848.461
3209.000,3006.709
3210.000,2848.461
3211.000,3006.709
3212.000,2848.461
3213.000,2927.585
3214.000,2848.461
3215.000,2927.585
3216.000,2848.461
3217.000,3006.709
3218.000,2848.461
3219.000,3006.709
3220.000,2848.461
3221.000,2927.585
3222.000,2848.461
3223.000,2927.585
3224.000,2848.461
3225.000,3006.709
3226.000,2927.585
3227.000,3006.709
3228.000,2848.461
3229.000,2927.585
3230.000,2848.461
3231.000,2927.585
3232.000,2848.461
3233.000,2927.585
3234.000,2848.461
3235.000,3006.709
3236.000,2848.461
3237.000,2927.585
3238.000,2848.461
3239.000,2927.585
3240.000,2848.461
3241.000,2927.585
3242.000,2848.461
3243.000,3006.709
3244.000,2927.585
3245.000,3006.709
3246.000,2848.461
3247.000,2927.585
3248.000,2848.461
3249.000,2927.585
3250.000,2848.461
3251.000,3006.709
3252.000,2848.461
3253.000,3006.709
3254.000,2848.461
3255.000,2927.585
3256.000,2848.461
3257.000,2927.585
3258.000,2848.461
3259.000,3006.709
3260.000,2848.461
3261.000,3006.709
3262.000,2848.461
3263.000,2927.585
3264.000,2848.461
3265.000,2927.585
3266.000,2848.461
3267.000,3006.709
3268.000,2848.461
3269.000,3006.709
3270.000,2848.461
3271.000,2927.585
3272.000,2848.461
3273.000,2927.585
3274.000,2848.461
3275.000,3006.709
3276.000,2848.461
3277.000,3006.709
3278.000,2848.461
3279.000,2927.585
3280.000,2848.461
3281.000,2927.585
3282.000,2848.461
3283.000,2927.585
3284.000,2848.461
3285.000,3006.709
3286.000,2848.461
3287.000,2927.585
3288.000,2848.461
3289.000,2927.585
3290.000,2848.461
3291.000,2927.585
3292.000,2848.461
3293.000,3006.709
3294.000,2848.461
3295.000,3006.709
3296.000,2848.461
3297.000,2927.585
3298.000,2848.461
3299.000,2927.585
3300.000,2848.461
3301.000,3006.709
3302.000,2848.461
3303.000,3006.709
3304.000,2848.461
3305.000,2927.585
3306.000,2848.461
3307.000,2927.585
3308.000,2848.461
3309.000,3006.709
3310.000,2848.461
3311.000,3006.709
3312.000,2848.461
3313.000,2927.585
3314.000,2848.461
3315.000,2927.585
3316.000,2848.461
3317.000,3006.709
3318.000,2848.461
3319.000,3006.709
3320.000,2848.461
3321.000,2927.585
3322.000,2848.461
3323.000,2927.585
3324.000,2848.461
3325.000,3006.709
3326.000,2848.461
3327.000,3006.709
3328.000,2848.461
3329.000,2927.585
3330.000,2848.461
3331.000,2927.585
3332.000,2848.461
3333.000,3006.709
3334.000,2848.461
3335.000,3006.709
3336.000,2848.461
3337.000,2927.585
3338.000,2848.461
3339.000,2927.585
3340.000,2848.461
3341.000,2927.585
3342.000,2848.461
3343.000,3006.709
3344.000,2848.461
3345.000,2927.585
3346.000,2848.461
3347.000,2927.585
3348.000,2848.461
3349.000,2927.585
3350.000,2848.461
3351.000,3006.709
3352.000,2927.585
3353.000,3006.709
3354.000,2848.461
3355.000,2927.585
3356.000,2769.337
3357.000,2927.585
3358.000,2848.461
3359.000,3006.709
3360.000,2927.585
3361.000,3006.709
3362.000,2848.461
3363.000,2927.585
3364.000,2848.461
3365.000,2927.585
3366.000,2848.461
3367.000,3006.709
3368.000,2848.461
3369.000,3006.709
3370.000,2848.461
3371.000,2927.585
3372.000,2848.461
3373.000,2927.585
3374.000,2848.461
3375.000,3006.709
3376.000,2848.461
3377.000,3006.709
3378.000,2848.461
3379.000,2927.585
3380.000,2848.461
3381.000,2927.585
3382.000,2848.461
3383.000,2927.585
3384.000,2848.461
3385.000,3006.709
3386.000,2848.461
3387.000,2927.585
3388.000,2848.461
3389.000,2927.585
3390.000,2848.461
3391.000,2927.585
3392.000,2848.461
3393.000,3006.709
3394.000,2848.461
3395.000,3006.709
3396.000,2848.461
3397.000,2927.585
3398.000,2848.461
3399.000,2927.585
3400.000,2848.461
3401.000,3006.709
3402.000,2848.461
3403.000,3006.709
3404.000,2848.461
3405.000,2927.585
3406.000,2848.461
3407.000,2927.585
3408.000,2848.461
3409.000,3006.709
3410.000,2848.461
3411.000,3006.709
3412.000,2848.461
3413.000,2927.585
3414.000,2848.461
3415.000,2927.585
3416.000,2848.461
3417.000,3006.709
3418.000,2848.461
3419.000,3006.709
3420.000,2848.461
3421.000,2927.585
3422.000,2848.461
3423.000,2927.585
3424.000,2848.461
3425.000,3006.709
3426.000,2848.461
3427.000,3006.709
3428.000,2848.461
3429.000,2927.585
3430.000,2848.461
3431.000,2927.585
3432.000,2848.461
3433.000,2927.585
3434.000,2848.461
3435.000,3006.709
3436.000,2848.461
3437.000,2927.585
3438.000,2848.461
3439.000,2927.585
3440.000,2848.461
3441.000,2927.585
3442.000,2848.461
3443.000,3006.709
3444.000,2848.461
3445.000,2927.585
3446.000,2848.461
3447.000,2927.585
3448.000,2848.461
3449.000,2927.585
3450.000,2848.461
3451.000,3006.709
3452.000,2848.461
3453.000,3006.709
3454.000,2848.461
3455.000,2927.585
3456.000,2848.461
3457.000,2927.585
3458.000,2848.461
3459.000,3006.709
3460.000,2927.585
3461.000,3006.709
3462.000,2848.461
3463.000,2927.585
3464.000,2848.461
3465.000,2927.585
3466.000,2848.461
3467.000,3006.709
3468.000,2927.585
3469.000,3006.709
3470.000,2848.461
3471.000,2927.585
3472.000,2769.337
3473.000,2927.585
3474.000,2848.461
3475.000,3006.709
3476.000,2848.461
3477.000,3006.709
3478.000,2848.461
3479.000,2927.585
3480.000,2848.461
3481.000,2927.585
3482.000,2848.461
3483.000,2927.585
3484.000,2848.461
3485.000,3006.709
3486.000,2848.461
3487.000,2927.585
3488.000,2848.461
3489.000,2927.585
3490.000,2848.461
3491.000,2927.585
3492.000,2848.461
3493.000,3006.709
3494.000,2848.461
3495.000,2927.585
3496.000,2848.461
3497.000,2927.585
3498.000,2848.461
3499.000,2927.585
3500.000,2848.461
3501.000,3006.709
3502.000,2848.461
3503.000,3006.709
3504.000,2848.461
3505.000,2927.585
3506.000,2848.461
3507.000,2927.585
3508.000,2848.461
3509.000,3006.709
3510.000,2848.461
3511.000,3006.709
3512.000,2848.461
3513.000,2927.585
3514.000,2848.461
3515.000,2927.585
3516.000,2848.461
3517.000,3006.709
3518.000,2927.585
3519.000,3006.709
3520.000,2848.461
3521.000,2927.585
3522.000,2848.461
3523.000,2927.585
3524.000,2848.461
3525.000,3006.709
3526.000,2927.585
3527.000,3006.709
3528.000,2848.461
3529.000,2927.585
3530.000,2848.461
3531.000,2927.585
3532.000,2848.461
3533.000,2927.585
3534.000,2848.461
3535.000,3006.709
3536.000,2848.461
3537.000,2927.585
3538.000,2848.461
3539.000,2927.585
3540.000,2848.461
3541.000,2927.585
3542.000,2848.461
3543.000,3006.709
3544.000,2848.461
3545.000,2927.585
3546.000,2848.461
3547.000,2927.585
3548.000,2848.461
3549.000,2927.585
3550.000,2848.461
3551.000,3006.709
3552.000,2848.461
3553.000,3006.709
3554.000,2848.461
3555.000,2927.585
3556.000,2848.461
3557.000,2927.585
3558.000,2848.461
3559.000,3006.709
3560.000,2848.461
3561.000,3006.709
3562.000,2848.461
3563.000,2927.585
3564.000,2848.461
3565.000,2927.585
3566.000,2848.461
3567.000,3006.709
3568.000,2927.585
3569.000,3006.709
3570.000,2848.461
3571.000,2927.585
3572.000,2769.337
3573.000,2927.585
3574.000,2848.461
3575.000,3006.709
3576.000,2927.585
3577.000,3006.709
3578.000,2848.461
3579.000,2927.585
3580.000,2769.337
3581.000,2927.585
3582.000,2848.461
3583.000,3006.709
3584.000,2927.585
3585.000,3006.709
3586.000,2848.461
3587.000,2927.585
3588.000,2848.461
3589.000,2927.585
3590.000,2769.337
3591.000,2927.585
3592.000,2848.461
3593.000,3006.709
3594.000,2927.585
3595.000,3006.709
3596.000,2848.461
3597.000,2927.585
3598.000,2769.337
3599.000,2927.585
3600.000,2848.461
3601.000,3006.709
3602.000,2927.585
3603.000,3006.709
3604.000,2848.461
3605.000,2927.585
3606.000,2848.461
3607.000,2927.585
3608.000,2848.461
3609.000,3006.709
3610.000,2848.461
3611.000,3006.709
3612.000,2848.461
3613.000,2927.585
3614.000,2848.461
3615.000,2927.585
3616.000,2848.461
3617.000,3006.709
3618.000,2848.461
3619.000,3006.709
3620.000,2848.461
3621.000,2927.585
3622.000,2848.461
3623.000,2927.585
3624.000,2848.461
3625.000,3006.709
3626.000,2848.461
3627.000,3006.709
3628.000,2848.461
3629.000,2927.585
3630.000,2848.461
3631.000,2927.585
3632.000,2848.461
3633.000,3006.709
3634.000,2848.461
3635.000,3006.709
3636.000,2848.461
3637.000,2927.585
3638.000,2848.461
3639.000,2927.585
3640.000,2848.461
3641.000,2927.585
3642.000,2848.461
3643.000,3006.709
3644.000,2848.461
3645.000,2927.585
3646.000,2848.461
3647.000,2927.585
3648.000,2769.337
3649.000,2927.585
3650.000,2848.461
3651.000,3006.709
3652.000,2927.585
3653.000,3006.709
3654.000,2848.461
3655.000,2927.585
3656.000,2769.337
3657.000,2927.585
3658.000,2848.461
3659.000,3006.709
3660.000,2927.585
3661.000,3006.709
3662.000,2848.461
3663.000,2927.585
3664.000,2769.337
3665.000,2927.585
3666.000,2848.461
3667.000,3006.709
3668.000,2927.585
3669.000,3006.709
3670.000,2848.461
3671.000,2927.585
3672.000,2848.461
3673.000,2927.585
3674.000,2848.461
3675.000,3006.709
3676.000,2848.461
3677.000,3006.709
3678.000,2848.461
3679.000,2927.585
3680.000,2848.461
3681.000,2927.585
3682.000,2848.461
3683.000,3006.709
3684.000,2848.461
3685.000,3006.709
3686.000,2848.461
3687.000,2927.585
3688.000,2848.461
3689.000,2927.585
3690.000,2848.461
3691.000,2927.585
3692.000,2848.461
3693.000,3006.709
3694.000,2848.461
3695.000,2927.585
3696.000,2848.461
3697.000,2927.585
3698.000,2769.337
3699.000,2927.585
3700.000,2848.461
3701.000,3006.709
3702.000,2927.585
3703.000,3006.709
3704.000,2848.461
3705.000,2927.585
3706.000,2769.337
3707.000,2927.585
3708.000,2848.461
3709.000,3006.709
3710.000,2927.585
3711.000,3006.709
3712.000,2848.461
3713.000,2927.585
3714.000,2769.337
3715.000,2927.585
3716.000,2848.461
3717.000,3006.709
3718.000,2927.585
3719.000,3006.709
3720.000,2848.461
3721.000,2927.585
3722.000,2769.337
3723.000,2927.585
3724.000,2848.461
3725.000,3006.709
3726.000,2848.461
3727.000,3006.709
3728.000,2848.461
3729.000,2927.585
3730.000,2848.461
3731.000,2927.585
3732.000,2848.461
3733.000,2927.585
3734.000,2848.461
3735.000,3006.709
3736.000,2848.461
3737.000,2927.585
3738.000,2848.461
3739.000,2927.585
3740.000,2848.461
3741.000,2927.585
3742.000,2848.461
3743.000,3006.709
3744.000,2848.461
3745.000,2927.585
3746.000,2848.461
3747.000,2927.585
3748.000,2848.461
3749.000,2927.585
3750.000,2848.461
3751.000,3006.709
3752.000,2848.461
3753.000,3006.709
3754.000,2848.461
3755.000,2927.585
3756.000,2848.461
3757.000,2927.585
3758.000,2848.461
3759.000,3006.709
3760.000,2848.461
3761.000,3006.709
3762.000,2848.461
3763.000,2927.585
3764.000,2769.337
3765.000,2927.585
3766.000,2848.461
3767.000,3006.709
3768.000,2848.461
3769.000,3006.709
3770.000,2848.461
3771.000,2927.585
3772.000,2769.337
3773.000,2927.585
3774.000,2848.461
3775.000,3006.709
3776.000,2848.461
3777.000,3006.709
3778.000,2848.461
3779.000,2927.585
3780.000,2769.337
3781.000,2927.585
3782.000,2848.461
3783.000,2927.585
3784.000,2848.461
3785.000,3006.709
3786.000,2848.461
3787.000,2927.585
3788.000,2848.461
3789.000,2927.585
3790.000,2848.461
3791.000,2927.585
3792.000,2848.461
3793.000,3006.709
3794.000,2848.461
3795.000,2927.585
3796.000,2848.461
3797.000,2927.585
3798.000,2848.461
3799.000,2927.585
3800.000,2848.461
3801.000,3006.709
3802.000,2848.461
3803.000,3006.709
3804.000,2848.461
3805.000,2927.585
3806.000,2848.461
3807.000,2927.585
3808.000,2848.461
3809.000,3006.709
3810.000,2848.461
3811.000,3006.709
3812.000,2848.461
3813.000,2927.585
3814.000,2769.337
3815.000,2927.585
3816.000,2848.461
3817.000,3006.709
3818.000,2927.585
3819.000,3006.709
3820.000,2848.461
3821.000,2927.585
3822.000,2769.337
3823.000,2927.585
3824.000,2848.461
3825.000,3006.709
3826.000,2927.585
3827.000,3006.709
3828.000,2848.461
3829.000,2927.585
3830.000,2848.461
3831.000,2927.585
3832.000,2848.461
3833.000,2927.585
3834.000,2848.461
3835.000,3006.709
3836.000,2848.461
3837.000,2927.585
3838.000,2848.461
3839.000,2927.585
3840.000,2848.461
3841.000,2927.585
3842.000,2848.461
3843.000,3006.709
3844.000,2848.461
3845.000,3006.709
3846.000,2848.461
3847.000,2927.585
3848.000,2848.461
3849.000,2927.585
3850.000,2848.461
3851.000,3006.709
3852.000,2848.461
3853.000,2927.585
3854.000,2848.461
3855.000,2927.585
3856.000,2848.461
3857.000,2927.585
3858.000,2848.461
3859.000,3006.709
3860.000,2848.461
3861.000,3006.709
3862.000,2848.461
3863.000,2927.585
3864.000,2848.461
3865.000,2927.585
3866.000,2848.461
3867.000,3006.709
3868.000,2848.461
3869.000,3006.709
3870.000,2848.461
3871.000,2927.585
3872.000,2769.337
3873.000,2927.585
3874.000,2848.461
3875.000,3006.709
3876.000,2927.585
3877.000,3006.709
3878.000,2848.461
3879.000,2927.585
3880.000,2769.337
3881.000,2927.585
3882.000,2848.461
3883.000,2927.585
3884.000,2848.461
3885.000,3006.709
3886.000,2848.461
3887.000,2927.585
3888.000,2848.461
3889.000,2927.585
3890.000,2848.461
3891.000,2927.585
3892.000,2848.461
3893.000,3006.709
3894.000,2848.461
3895.000,3006.709
3896.000,2848.461
3897.000,2927.585
3898.000,2848.461
3899.000,2927.585
3900.000,2848.461
3901.000,3006.709
3902.000,2848.461
3903.000,3006.709
3904.000,2848.461
3905.000,2927.585
3906.000,2848.461
3907.000,2927.585
3908.000,2848.461
3909.000,3006.709
3910.000,2848.461
3911.000,3006.709
3912.000,2848.461
3913.000,2927.585
3914.000,2848.461
3915.000,2927.585
3916.000,2848.461
3917.000,3006.709
3918.000,2848.461
3919.000,3006.709
3920.000,2848.461
3921.000,2927.585
3922.000,2769.337
3923.000,2927.585
3924.000,2848.461
3925.000,3006.709
3926.000,2927.585
3927.000,3006.709
3928.000,2848.461
3929.000,2927.585
3930.000,2769.337
3931.000,2927.585
3932.000,2848.461
3933.000,3006.709
3934.000,2848.461
3935.000,3006.709
3936.000,2848.461
3937.000,2927.585
3938.000,2769.337
3939.000,2927.585
3940.000,2848.461
3941.000,2927.585
3942.000,2848.461
3943.000,3006.709
3944.000,2848.461
3945.000,2927.585
3946.000,2848.461
3947.000,2927.585
3948.000,2848.461
3949.000,2927.585
3950.000,2848.461
3951.000,3006.709
3952.000,2848.461
3953.000,3006.709
3954.000,2848.461
3955.000,2927.585
3956.000,2769.337
3957.000,2927.585
3958.000,2848.461
3959.000,3006.709
3960.000,2848.461
3961.000,3006.709
3962.000,2848.461
3963.000,2927.585
3964.000,2848.461
3965.000,2927.585
3966.000,2848.461
3967.000,3006.709
3968.000,2848.461
3969.000,3006.709
3970.000,2848.461
3971.000,2927.585
3972.000,2848.461
3973.000,2927.585
3974.000,2848.461
3975.000,3006.709
3976.000,2848.461
3977.000,3006.709
3978.000,2848.461
3979.000,2927.585
3980.000,2848.461
3981.000,2927.585
3982.000,2848.461
3983.000,3006.709
3984.000,2848.461
3985.000,3006.709
3986.000,2848.461
3987.000,2927.585
3988.000,2848.461
3989.000,2927.585
3990.000,2848.461
3991.000,2927.585
3992.000,2848.461
3993.000,3006.709
3994.000,2848.461
3995.000,2927.585
3996.000,2848.461
3997.000,2927.585
3998.000,2848.461
3999.000,2927.585
4000.000,2848.461
4001.000,3006.709
4002.000,2848.461
4003.000,2927.585
4004.000,2848.461
4005.000,2927.585
4006.000,2769.337
4007.000,2927.585
4008.000,2848.461
4009.000,3006.709
4010.000,2848.461
4011.000,3006.709
4012.000,2848.461
4013.000,2927.585
4014.000,2769.337
4015.000,2927.585
4016.000,2848.461
4017.000,3006.709
4018.000,2848.461
4019.000,3006.709
4020.000,2848.461
4021.000,2927.585
4022.000,2848.461
4023.000,2927.585
4024.000,2848.461
4025.000,3006.709
4026.000,2848.461
4027.000,3006.709
4028.000,2848.461
4029.000,2927.585
4030.000,2848.461
4031.000,2927.585
4032.000,2848.461
4033.000,3006.709
4034.000,2848.461
4035.000,3006.709
4036.000,2848.461
4037.000,2927.585
4038.000,2848.461
4039.000,2927.585
4040.000,2848.461
4041.000,2927.585
4042.000,2848.461
4043.000,3006.709
4044.000,2848.461
4045.000,2927.585
4046.000,2848.461
4047.000,2927.585
4048.000,2848.461
4049.000,2927.585
4050.000,2848.461
4051.000,3006.709
4052.000,2848.461
4053.000,3006.709
4054.000,2848.461
4055.000,2927.585
4056.000,2848.461
4057.000,2927.585
4058.000,2848.461
4059.000,3006.709
4060.000,2848.461
4061.000,3006.709
4062.000,2848.461
4063.000,2927.585
4064.000,2848.461
4065.000,2927.585
4066.000,2848.461
4067.000,3006.709
4068.000,2848.461
4069.000,3006.709
4070.000,2848.461
4071.000,2927.585
4072.000,2769.337
4073.000,2927.585
4074.000,2848.461
4075.000,3006.709
4076.000,2848.461
4077.000,3006.709
4078.000,2848.461
4079.000,2927.585
4080.000,2848.461
4081.000,2927.585
4082.000,2848.461
4083.000,3006.709
4084.000,2848.461
4085.000,3006.709
4086.000,2848.461
4087.000,2927.585
4088.000,2848.461
4089.000,2927.585
4090.000,2848.461
4091.000,2927.585
4092.000,2848.461
4093.000,3006.709
4094.000,2848.461
4095.000,2927.585
4096.000,2848.461
4097.000,2927.585
4098.000,2848.461
4099.000,2927.585
4100.000,2848.461
4101.000,3006.709
4102.000,2848.461
4103.000,3006.709
4104.000,2848.461
4105.000,2927.585
4106.000,2848.461
4107.000,2927.585
4108.000,2848.461
4109.000,3006.709
4110.000,2848.461
4111.000,3006.709
4112.000,2848.461
4113.000,2927.585
4114.000,2848.461
4115.000,2927.585
4116.000,2848.461
4117.000,3006.709
4118.000,2848.461
4119.000,3006.709
4120.000,2848.461
4121.000,2927.585
4122.000,2848.461
4123.000,2927.585
4124.000,2848.461
4125.000,3006.709
4126.000,2848.461
4127.000,3006.709
4128.000,2848.461
4129.000,2927.585
4130.000,2848.461
4131.000,2927.585
4132.000,2848.461
4133.000,3006.709
4134.000,2848.461
4135.000,3006.709
4136.000,2848.461
4137.000,2927.585
4138.000,2848.461
4139.000,2927.585
4140.000,2848.461
4141.000,3006.709
4142.000,2848.461
4143.000,3006.709
4144.000,2848.461
4145.000,2927.585
4146.000,2848.461
4147.000,2927.585
4148.000,2848.461
4149.000,2927.585
4150.000,2848.461
4151.000,3006.709
4152.000,2848.461
4153.000,3006.709
4154.000,2848.461
4155.000,2927.585
4156.000,2769.337
4157.000,2927.585
4158.000,2848.461
4159.000,3006.709
4160.000,2848.461
4161.000,3006.709
4162.000,2848.461
4163.000,2927.585
4164.000,2769.337
4165.000,2927.585
4166.000,2848.461
4167.000,3006.709
4168.000,2848.461
4169.000,3006.709
4170.000,2848.461
4171.000,2927.585
4172.000,2848.461
4173.000,2927.585
4174.000,2848.461
4175.000,3006.709
4176.000,2848.461
4177.000,3006.709
4178.000,2848.461
4179.000,2927.585
4180.000,2848.461
4181.000,2927.585
4182.000,2848.461
4183.000,3006.709
4184.000,2848.461
4185.000,3006.709
4186.000,2848.461
4187.000,2927.585
4188.000,2848.461
4189.000,2927.585
4190.000,2848.461
4191.000,2927.585
4192.000,2848.461
4193.000,3006.709
4194.000,2848.461
4195.000,2927.585
4196.000,2848.461
4197.000,2927.585
4198.000,2848.461
4199.000,2927.585
4200.000,2848.461
4201.000,3006.709
4202.000,2848.461
4203.000,3006.709
4204.000,2848.461
4205.000,2927.585
4206.000,2848.461
4207.000,2927.585
4208.000,2848.461
4209.000,3006.709
4210.000,2848.461
4211.000,3006.709
4212.000,2848.461
4213.000,2927.585
4214.000,2848.461
4215.000,2927.585
4216.000,2848.461
4217.000,3006.709
4218.000,2848.461
4219.000,3006.709
4220.000,2848.461
4221.000,2927.585
4222.000,2848.461
4223.000,2927.585
4224.000,2848.461
4225.000,3006.709
4226.000,2848.461
4227.000,3006.709
4228.000,2848.461
4229.000,2927.585
4230.000,2848.461
4231.000,2927.585
4232.000,2848.461
4233.000,2927.585
4234.000,2848.461
4235.000,3006.709
4236.000,2848.461
4237.000,2927.585
4238.000,2848.461
4239.000,2927.585
4240.000,2848.461
4241.000,2927.585
4242.000,2848.461
4243.000,3006.709
4244.000,2848.461
4245.000,2927.585
4246.000,2848.461
4247.000,2927.585
4248.000,2848.461
4249.000,2927.585
4250.000,2848.461
4251.000,3006.709
4252.000,2848.461
4253.000,3006.709
4254.000,2848.461
4255.000,2927.585
4256.000,2848.461
4257.000,2927.585
4258.000,2848.461
4259.000,3006.709
4260.000,2848.461
4261.000,3006.709
4262.000,2848.461
4263.000,2927.585
4264.000,2848.461
4265.000,2927.585
4266.000,2848.461
4267.000,3006.709
4268.000,2848.461
4269.000,3006.709
4270.000,2848.461
4271.000,2927.585
4272.000,2848.461
4273.000,2927.585
4274.000,2848.461
4275.000,3006.709
4276.000,2848.461
4277.000,3006.709
4278.000,2848.461
4279.000,2927.585
4280.000,2848.461
4281.000,2927.585
4282.000,2848.461
4283.000,2927.585
4284.000,2848.461
4285.000,3006.709
4286.000,2848.461
4287.000,2927.585
4288.000,2848.461
4289.000,2927.585
4290.000,2848.461
4291.000,2927.585
4292.000,2848.461
4293.000,3006.709
4294.000,2848.461
4295.000,3006.709
4296.000,2848.461
4297.000,2927.585
4298.000,2848.461
4299.000,2927.585
4300.000,2848.461
4301.000,3006.709
4302.000,2848.461
4303.000,3006.709
4304.000,2848.461
4305.000,2927.585
4306.000,2848.461
4307.000,2927.585
4308.000,2848.461
4309.000,3006.709
4310.000,2848.461
4311.000,3006.709
4312.000,2848.461
4313.000,2927.585
4314.000,2848.461
4315.000,2927.585
4316.000,2848.461
4317.000,3006.709
4318.000,2848.461
4319.000,3006.709
4320.000,2848.461
4321.000,2927.585
4322.000,2848.461
4323.000,2927.585
4324.000,2848.461
4325.000,3006.709
4326.000,2848.461
4327.000,3006.709
4328.000,2848.461
4329.000,2927.585
4330.000,2848.461
4331.000,2927.585
4332.000,2848.461
4333.000,2927.585
4334.000,2848.461
4335.000,3006.709
4336.000,2848.461
4337.000,3006.709
4338.000,2848.461
4339.000,2927.585
4340.000,2848.461
4341.000,2927.585
4342.000,2848.461
4343.000,3006.709
4344.000,2848.461
4345.000,3006.709
4346.000,2848.461
4347.000,2927.585
4348.000,2848.461
4349.000,2927.585
4350.000,2848.461
4351.000,3006.709
4352.000,2848.461
4353.000,3006.709
4354.000,2848.461
4355.000,2927.585
4356.000,2848.461
4357.000,2927.585
4358.000,2848.461
4359.000,3006.709
4360.000,2848.461
4361.000,3006.709
4362.000,2848.461
4363.000,2927.585
4364.000,2848.461
4365.000,2927.585
4366.000,2848.461
4367.000,3006.709
4368.000,2848.461
4369.000,3006.709
4370.000,2848.461
4371.000,2927.585
4372.000,2848.461
4373.000,2927.585
4374.000,2848.461
4375.000,3006.709
4376.000,2848.461
4377.000,3006.709
4378.000,2848.461
4379.000,2927.585
4380.000,2848.461
4381.000,2927.585
4382.000,2848.461
4383.000,2927.585
4384.000,2848.461
4385.000,3006.709
4386.000,2848.461
4387.000,2927.585
4388.000,2848.461
4389.000,2927.585
4390.000,2848.461
4391.000,2927.585
4392.000,2848.461
4393.000,3006.709
4394.000,2848.461
4395.000,3006.709
4396.000,2848.461
4397.000,2927.585
4398.000,2848.461
4399.000,2927.585
4400.000,2848.461
4401.000,3006.709
4402.000,2848.461
4403.000,3006.709
4404.000,2848.461
4405.000,2927.585
4406.000,2848.461
4407.000,2927.585
4408.000,2848.461
4409.000,3006.709
4410.000,2848.461
4411.000,3006.709
4412.000,2848.461
4413.000,2927.585
4414.000,2848.461
4415.000,2927.585
4416.000,2848.461
4417.000,3006.709
4418.000,2848.461
4419.000,3006.709
4420.000,2848.461
4421.000,2927.585
4422.000,2848.461
4423.000,2927.585
4424.000,2848.461
4425.000,3006.709
4426.000,2848.461
4427.000,3006.709
4428.000,2848.461
4429.000,2927.585
4430.000,2848.461
4431.000,2927.585
4432.000,2848.461
4433.000,2927.585
4434.000,2848.461
4435.000,3006.709
4436.000,2848.461
4437.000,2927.585
4438.000,2848.461
4439.000,2927.585
4440.000,2848.461
4441.000,2927.585
4442.000,2848.461
4443.000,3006.709
4444.000,2848.461
4445.000,3006.709
4446.000,2848.461
4447.000,2927.585
4448.000,2848.461
4449.000,2927.585
4450.000,2848.461
4451.000,3006.709
4452.000,2848.461
4453.000,3006.709
4454.000,2848.461
4455.000,2927.585
4456.000,2848.461
4457.000,2927.585
4458.000,2848.461
4459.000,3006.709
4460.000,2848.461
4461.000,3006.709
4462.000,2848.461
4463.000,2927.585
4464.000,2848.461
4465.000,2927.585
4466.000,2848.461
4467.000,3006.709
4468.000,2848.461
4469.000,3006.709
4470.000,2848.461
4471.000,2927.585
4472.000,2848.461
4473.000,2927.585
4474.000,2848.461
4475.000,2927.585
4476.000,2848.461
4477.000,3006.709
4478.000,2848.461
4479.000,2927.585
4480.000,2848.461
4481.000,2927.585
4482.000,2848.461
4483.000,2927.585
4484.000,2848.461
4485.000,3006.709
4486.000,2848.461
4487.000,2927.585
4488.000,2848.461
4489.000,2927.585
4490.000,2848.461
4491.000,2927.585
4492.000,2848.461
4493.000,3006.709
4494.000,2848.461
4495.000,2927.585
4496.000,2848.461
4497.000,2927.585
4498.000,2848.461
4499.000,2927.585
4500.000,2848.461
4501.000,3006.709
4502.000,2848.461
4503.000,3006.709
4504.000,2848.461
4505.000,2927.585
4506.000,2769.337
4507.000,2927.585
4508.000,2848.461
4509.000,3006.709
4510.000,2848.461
4511.000,3006.709
4512.000,2848.461
4513.000,2927.585
4514.000,2769.337
4515.000,2927.585
4516.000,2848.461
4517.000,3006.709
4518.000,2848.461
4519.000,3006.709
4520.000,2848.461
4521.000,2927.585
4522.000,2769.337
4523.000,2927.585
4524.000,2848.461
4525.000,2927.585
4526.000,2848.461
4527.000,3006.709
4528.000,2848.461
4529.000,2927.585
4530.000,2848.461
4531.000,2927.585
4532.000,2848.461
4533.000,2927.585
4534.000,2848.461
4535.000,3006.709
4536.000,2848.461
4537.000,2927.585
4538.000,2848.461
4539.000,2927.585
4540.000,2848.461
4541.000,2927.585
4542.000,2848.461
4543.000,3006.709
4544.000,2848.461
4545.000,3006.709
4546.000,2848.461
4547.000,2927.585
4548.000,2848.461
4549.000,2927.585
4550.000,2848.461
4551.000,3006.709
4552.000,2848.461
4553.000,3006.709
4554.000,2848.461
4555.000,2927.585
4556.000,2769.337
4557.000,2927.585
4558.000,2848.461
4559.000,3006.709
4560.000,2848.461
4561.000,3006.709
4562.000,2848.461
4563.000,2927.585
4564.000,2848.461
4565.000,2927.585
4566.000,2848.461
4567.000,3006.709
4568.000,2848.461
4569.000,3006.709
4570.000,2848.461
4571.000,2927.585
4572.000,2848.461
4573.000,2927.585
4574.000,2848.461
4575.000,2927.585
4576.000,2848.461
4577.000,3006.709
4578.000,2848.461
4579.000,2927.585
4580.000,2848.461
4581.000,2927.585
4582.000,2848.461
4583.000,2927.585
4584.000,2848.461
4585.000,3006.709
4586.000,2848.461
4587.000,2927.585
4588.000,2848.461
4589.000,2927.585
4590.000,2769.337
4591.000,2927.585
4592.000,2848.461
4593.000,3006.709
4594.000,2848.461
4595.000,3006.709
4596.000,2848.461
4597.000,2927.585
4598.000,2848.461
4599.000,2927.585
4600.000,2848.461
4601.000,3006.709
4602.000,2848.461
4603.000,3006.709
4604.000,2848.461
4605.000,2927.585
4606.000,2848.461
4607.000,2927.585
4608.000,2848.461
4609.000,3006.709
4610.000,2848.461
4611.000,3006.709
4612.000,2848.461
4613.000,2927.585
4614.000,2848.461
4615.000,2927.585
4616.000,2848.461
4617.000,3006.709
4618.000,2848.461
4619.000,3006.709
4620.000,2848.461
4621.000,2927.585
4622.000,2769.337
4623.000,2927.585
4624.000,2848.461
4625.000,2927.585
4626.000,2848.461
4627.000,3006.709
4628.000,2848.461
4629.000,2927.585
4630.000,2848.461
4631.000,2927.585
4632.000,2848.461
4633.000,2927.585
4634.000,2848.461
4635.000,3006.709
4636.000,2848.461
4637.000,3006.709
4638.000,2848.461
4639.000,2927.585
4640.000,2769.337
4641.000,2927.585
4642.000,2848.461
4643.000,3006.709
4644.000,2848.461
4645.000,3006.709
4646.000,2848.461
4647.000,2927.585
4648.000,2769.337
4649.000,2927.585
4650.000,2848.461
4651.000,3006.709
4652.000,2848.461
4653.000,3006.709
4654.000,2848.461
4655.000,2927.585
4656.000,2769.337
4657.000,2927.585
4658.000,2848.461
4659.000,3006.709
4660.000,2848.461
4661.000,3006.709
4662.000,2848.461
4663.000,2927.585
4664.000,2769.337
4665.000,2927.585
4666.000,2848.461
4667.000,3006.709
4668.000,2848.461
4669.000,3006.709
4670.000,2848.461
4671.000,2927.585
4672.000,2848.461
4673.000,2927.585
4674.000,2848.461
4675.000,2927.585
4676.000,2848.461
4677.000,3006.709
4678.000,2848.461
4679.000,2927.585
4680.000,2848.461
4681.000,2927.585
4682.000,2848.461
4683.000,2927.585
4684.000,2848.461
4685.000,3006.709
4686.000,2848.461
4687.000,3006.709
4688.000,2848.461
4689.000,2927.585
4690.000,2769.337
4691.000,2927.585
4692.000,2848.461
4693.000,3006.709
4694.000,2848.461
4695.000,3006.709
4696.000,2848.461
4697.000,2927.585
4698.000,2769.337
4699.000,2927.585
4700.000,2848.461
4701.000,3006.709
4702.000,2848.461
4703.000,3006.709
4704.000,2848.461
4705.000,2927.585
4706.000,2848.461
4707.000,2927.585
4708.000,2848.461
4709.000,3006.709
4710.000,2848.461
4711.000,3006.709
4712.000,2848.461
4713.000,2927.585
4714.000,2848.461
4715.000,2927.585
4716.000,2848.461
4717.000,3006.709
4718.000,2848.461
4719.000,3006.709
4720.000,2848.461
4721.000,2927.585
4722.000,2848.461
4723.000,2927.585
4724.000,2848.461
4725.000,3006.709
4726.000,2848.461
4727.000,3006.709
4728.000,2848.461
4729.000,2927.585
4730.000,2769.337
4731.000,2927.585
4732.000,2848.461
4733.000,2927.585
4734.000,2848.461
4735.000,3006.709
4736.000,2848.461
4737.000,2927.585
4738.000,2848.461
4739.000,2927.585
4740.000,2769.337
4741.000,2927.585
4742.000,2848.461
4743.000,3006.709
4744.000,2848.461
4745.000,3006.709
4746.000,2848.461
4747.000,2927.585
4748.000,2769.337
4749.000,2927.585
4750.000,2848.461
4751.000,3006.709
4752.000,2848.461
4753.000,3006.709
4754.000,2848.461
4755.000,2927.585
4756.000,2769.337
4757.000,2927.585
4758.000,2848.461
4759.000,3006.709
4760.000,2848.461
4761.000,3006.709
4762.000,2848.461
4763.000,2927.585
4764.000,2769.337
4765.000,2927.585
4766.000,2848.461
4767.000,3006.709
4768.000,2848.461
4769.000,3006.709
4770.000,2848.461
4771.000,2927.585
4772.000,2769.337
4773.000,2927.585
4774.000,2848.461
4775.000,3006.709
4776.000,2848.461
4777.000,3006.709
4778.000,2848.461
4779.000,2927.585
4780.000,2769.337
4781.000,2927.585
4782.000,2848.461
4783.000,2927.585
4784.000,2848.461
4785.000,3006.709
4786.000,2848.461
4787.000,3006.709
4788.000,2848.461
4789.000,2927.585
4790.000,2769.337
4791.000,2927.585
4792.000,2848.461
4793.000,3006.709
4794.000,2848.461
4795.000,3006.709
4796.000,2848.461
4797.000,2927.585
4798.000,2769.337
4799.000,2927.585
4800.000,2848.461
4801.000,3006.709
4802.000,2848.461
4803.000,3006.709
4804.000,2848.461
4805.000,2927.585
4806.000,2769.337
4807.000,2927.585
4808.000,2848.461
4809.000,3006.709
4810.000,2848.461
4811.000,3006.709
4812.000,2848.461
4813.000,2927.585
4814.000,2769.337
4815.000,2927.585
4816.000,2848.461
4817.000,3006.709
4818.000,2848.461
4819.000,3006.709
4820.000,2848.461
4821.000,2927.585
4822.000,2848.461
4823.000,2927.585
4824.000,2848.461
4825.000,2927.585
4826.000,2848.461
4827.000,3006.709
4828.000,2848.461
4829.000,2927.585
4830.000,2848.461
4831.000,2927.585
4832.000,2848.461
4833.000,2927.585
4834.000,2848.461
4835.000,3006.709
4836.000,2848.461
4837.000,2927.585
4838.000,2848.461
4839.000,2927.585
4840.000,2848.461
4841.000,2927.585
4842.000,2848.461
4843.000,3006.709
4844.000,2848.461
4845.000,3006.709
4846.000,2848.461
4847.000,2927.585
4848.000,2769.337
4849.000,2927.585
4850.000,2848.461
4851.000,3006.709
4852.000,2848.461
4853.000,3006.709
4854.000,2848.461
4855.000,2927.585
4856.000,2769.337
4857.000,2927.585
4858.000,2848.461
4859.000,3006.709
4860.000,2927.585
4861.000,3006.709
4862.000,2848.461
4863.000,2927.585
4864.000,2769.337
4865.000,2927.585
4866.000,2848.461
4867.000,3006.709
4868.000,2927.585
4869.000,3006.709
4870.000,2848.461
4871.000,2927.585
4872.000,2769.337
4873.000,2927.585
4874.000,2848.461
4875.000,3006.709
4876.000,2848.461
4877.000,3006.709
4878.000,2848.461
4879.000,2927.585
4880.000,2769.337
4881.000,2927.585
4882.000,2769.337
4883.000,2927.585
4884.000,2848.461
4885.000,3006.709
4886.000,2848.461
4887.000,3006.709
4888.000,2848.461
4889.000,2927.585
4890.000,2769.337
4891.000,2927.585
4892.000,2848.461
4893.000,3006.709
4894.000,2848.461
4895.000,3006.709
4896.000,2848.461
4897.000,2927.585
4898.000,2769.337
4899.000,2927.585
4900.000,2848.461
4901.000,3006.709
4902.000,2848.461
4903.000,3006.709
4904.000,2848.461
4905.000,2927.585
4906.000,2769.337
4907.000,2927.585
4908.000,2848.461
4909.000,3006.709
4910.000,2848.461
4911.000,3006.709
4912.000,2848.461
4913.000,2927.585
4914.000,2769.337
4915.000,2927.585
4916.000,2848.461
4917.000,3006.709
4918.000,2848.461
4919.000,3006.709
4920.000,2848.461
4921.000,2927.585
4922.000,2848.461
4923.000,2927.585
4924.000,2848.461
4925.000,3006.709
4926.000,2848.461
4927.000,3006.709
4928.000,2848.461
4929.000,2927.585
4930.000,2848.461
4931.000,2927.585
4932.000,2848.461
4933.000,2927.585
4934.000,2848.461
4935.000,3006.709
4936.000,2848.461
4937.000,3006.709
4938.000,2848.461
4939.000,2927.585
4940.000,2848.461
4941.000,2927.585
4942.000,2848.461
4943.000,3006.709
4944.000,2848.461
4945.000,3006.709
4946.000,2848.461
4947.000,2927.585
4948.000,2769.337
4949.000,2927.585
4950.000,2848.461
4951.000,3006.709
4952.000,2848.461
4953.000,3006.709
4954.000,2848.461
4955.000,2927.585
4956.000,2769.337
4957.000,2927.585
4958.000,2848.461
4959.000,3006.709
4960.000,2848.461
4961.000,3006.709
4962.000,2848.461
4963.000,2927.585
4964.000,2769.337
4965.000,2927.585
4966.000,2848.461
4967.000,3006.709
4968.000,2848.461
4969.000,3006.709
4970.000,2848.461
4971.000,2927.585
4972.000,2769.337
4973.000,2927.585
4974.000,2848.461
4975.000,3006.709
4976.000,2848.461
4977.000,3006.709
4978.000,2848.461
4979.000,2927.585
4980.000,2769.337
4981.000,2927.585
4982.000,2848.461
4983.000,3006.709
4984.000,2848.461
4985.000,3006.709
4986.000,2848.461
4987.000,2927.585
4988.000,2848.461
4989.000,2927.585
4990.000,2848.461
4991.000,2927.585
4992.000,2848.461
4993.000,3006.709
4994.000,2848.461
4995.000,3006.709
4996.000,2848.461
4997.000,2927.585
4998.000,2769.337
4999.000,2927.585
5000.000,2848.461
5001.000,3006.709
5002.000,2927.585
5003.000,3006.709
5004.000,2848.461
5005.000,2927.585
5006.000,2769.337
5007.000,2927.585
5008.000,2848.461
5009.000,3006.709
5010.000,2927.585
5011.000,3006.709
5012.000,2848.461
5013.000,2927.585
5014.000,2769.337
5015.000,2927.585
5016.000,2848.461
5017.000,3006.709
5018.000,2848.461
5019.000,3006.709
5020.000,2848.461
5021.000,2927.585
5022.000,2769.337
5023.000,2927.585
5024.000,2848.461
5025.000,3006.709
5026.000,2848.461
5027.000,3006.709
5028.000,2848.461
5029.000,2927.585
5030.000,2848.461
5031.000,2927.585
5032.000,2848.461
5033.000,2927.585
5034.000,2848.461
5035.000,3006.709
5036.000,2848.461
5037.000,2927.585
5038.000,2848.461
5039.000,2927.585
5040.000,2848.461
5041.000,2927.585
5042.000,2848.461
5043.000,3006.709
5044.000,2848.461
5045.000,3006.709
5046.000,2848.461
5047.000,2927.585
5048.000,2769.337
5049.000,2927.585
5050.000,2848.461
5051.000,3006.709
5052.000,2848.461
5053.000,3006.709
5054.000,2848.461
5055.000,2927.585
5056.000,2769.337
5057.000,2927.585
5058.000,2848.461
5059.000,3006.709
5060.000,2927.585
5061.000,3006.709
5062.000,2848.461
5063.000,2927.585
5064.000,2769.337
5065.000,2927.585
5066.000,2848.461
5067.000,3006.709
5068.000,2848.461
5069.000,3006.709
5070.000,2848.461
5071.000,2927.585
5072.000,2769.337
5073.000,2927.585
5074.000,2848.461
5075.000,3006.709
5076.000,2848.461
5077.000,3006.709
5078.000,2848.461
5079.000,2927.585
5080.000,2848.461
5081.000,2927.585
5082.000,2848.461
5083.000,3006.709
5084.000,2848.461
5085.000,3006.709
5086.000,2848.461
5087.000,2927.585
5088.000,2848.461
5089.000,2927.585
5090.000,2769.337
5091.000,2927.585
5092.000,2848.461
5093.000,3006.709
5094.000,2848.461
5095.000,3006.709
5096.000,2848.461
5097.000,2927.585
5098.000,2769.337
5099.000,2927.585
5100.000,2848.461
5101.000,3006.709
5102.000,2848.461
5103.000,3006.709
5104.000,2848.461
5105.000,2927.585
5106.000,2769.337
5107.000,2927.585
5108.000,2848.461
5109.000,3006.709
5110.000,2848.461
5111.000,3006.709
5112.000,2848.461
5113.000,2927.585
5114.000,2769.337
5115.000,2927.585
5116.000,2848.461
5117.000,3006.709
5118.000,2848.461
5119.000,3006.709
5120.000,2848.461
5121.000,2927.585
5122.000,2769.337
5123.000,2927.585
5124.000,2848.461
5125.000,3006.709
5126.000,2848.461
5127.000,3006.709
5128.000,2848.461
5129.000,2927.585
5130.000,2848.461
5131.000,2927.585
5132.000,2848.461
5133.000,2927.585
5134.000,2848.461
5135.000,3006.709
5136.000,2848.461
5137.000,3006.709
5138.000,2848.461
5139.000,2927.585
5140.000,2769.337
5141.000,2927.585
5142.000,2848.461
5143.000,3006.709
5144.000,2848.461
5145.000,3006.709
5146.000,2848.461
5147.000,2927.585
5148.000,2848.461
5149.000,2927.585
5150.000,2848.461
5151.000,3006.709
5152.000,2848.461
5153.000,3006.709
5154.000,2848.461
5155.000,2927.585
5156.000,2769.337
5157.000,2927.585
5158.000,2848.461
5159.000,3006.709
5160.000,2848.461
5161.000,3006.709
5162.000,2848.461
5163.000,2927.585
5164.000,2769.337
5165.000,2927.585
5166.000,2848.461
5167.000,3006.709
5168.000,2848.461
5169.000,3006.709
5170.000,2848.461
5171.000,2927.585
5172.000,2769.337
5173.000,2927.585
5174.000,2848.461
5175.000,3006.709
5176.000,2848.461
5177.000,3006.709
5178.000,2848.461
5179.000,2927.585
5180.000,2848.461
5181.000,2927.585
5182.000,2848.461
5183.000,2927.585
5184.000,2848.461
5185.000,3006.709
5186.000,2848.461
5187.000,3006.709
5188.000,2848.461
5189.000,2927.585
5190.000,2769.337
5191.000,2927.585
5192.000,2848.461
5193.000,3006.709
5194.000,2848.461
5195.000,3006.709
5196.000,2848.461
5197.000,2927.585
5198.000,2769.337
5199.000,2927.585
5200.000,2848.461
5201.000,3006.709
5202.000,2848.461
5203.000,3006.709
5204.000,2848.461
5205.000,2927.585
5206.000,2769.337
5207.000,2927.585
5208.000,2848.461
5209.000,3006.709
5210.000,2848.461
5211.000,3006.709
5212.000,2848.461
5213.000,2927.585
5214.000,2848.461
5215.000,2927.585
5216.000,2848.461
5217.000,3006.709
5218.000,2848.461
5219.000,3006.709
5220.000,2848.461
5221.000,2927.585
5222.000,2769.337
5223.000,2927.585
5224.000,2848.461
5225.000,3006.709
5226.000,2848.461
5227.000,3006.709
5228.000,2848.461
5229.000,2927.585
5230.000,2769.337
5231.000,2927.585
5232.000,2848.461
5233.000,3006.709
5234.000,2848.461
5235.000,3006.709
5236.000,2848.461
5237.000,3006.709
5238.000,2848.461
5239.000,2927.585
5240.000,2769.337
5241.000,2927.585
5242.000,2848.461
5243.000,3006.709
5244.000,2848.461
5245.000,3006.709
5246.000,2848.461
5247.000,2927.585
5248.000,2769.337
5249.000,2927.585
5250.000,2848.461
5251.000,3006.709
5252.000,2848.461
5253.000,3006.709
5254.000,2848.461
5255.000,2927.585
5256.000,2769.337
5257.000,2927.585
5258.000,2848.461
5259.000,3006.709
5260.000,2848.461
5261.000,3006.709
5262.000,2848.461
5263.000,2927.585
5264.000,2848.461
5265.000,2927.585
5266.000,2848.461
5267.000,3006.709
5268.000,2848.461
5269.000,3006.709
5270.000,2848.461
5271.000,2927.585
5272.000,2848.461
5273.000,2927.585
5274.000,2848.461
5275.000,3006.709
5276.000,2848.461
5277.000,3006.709
5278.000,2848.461
5279.000,2927.585
5280.000,2848.461
5281.000,2927.585
5282.000,2848.461
5283.000,3006.709
5284.000,2848.461
5285.000,3006.709
5286.000,2848.461
5287.000,2927.585
5288.000,2848.461
5289.000,2927.585
5290.000,2848.461
5291.000,3006.709
5292.000,2848.461
5293.000,3006.709
5294.000,2848.461
5295.000,3006.709
5296.000,2848.461
5297.000,2927.585
5298.000,2848.461
5299.000,2927.585
5300.000,2848.461
5301.000,3006.709
5302.000,2848.461
5303.000,3006.709
5304.000,2848.461
5305.000,2927.585
5306.000,2769.337
5307.000,2927.585
5308.000,2848.461
5309.000,3006.709
5310.000,2848.461
5311.000,3006.709
5312.000,2848.461
5313.000,2927.585
5314.000,2769.337
5315.000,2927.585
5316.000,2848.461
5317.000,3006.709
5318.000,2848.461
5319.000,3006.709
5320.000,2848.461
5321.000,2927.585
5322.000,2848.461
5323.000,2927.585
5324.000,2848.461
5325.000,3006.709
5326.000,2848.461
5327.000,3006.709
5328.000,2848.461
5329.000,2927.585
5330.000,2848.461
5331.000,2927.585
5332.000,2848.461
5333.000,3006.709
5334.000,2848.461
5335.000,3006.709
5336.000,2848.461
5337.000,2927.585
5338.000,2848.461
5339.000,2927.585
5340.000,2848.461
5341.000,3006.709
5342.000,2848.461
5343.000,3006.709
5344.000,2848.461
5345.000,2927.585
5346.000,2848.461
5347.000,2927.585
5348.000,2769.337
5349.000,2927.585
5350.000,2848.461
5351.000,3006.709
5352.000,2848.461
5353.000,3006.709
5354.000,2848.461
5355.000,2927.585
5356.000,2769.337
5357.000,2927.585
5358.000,2848.461
5359.000,3006.709
5360.000,2927.585
5361.000,3006.709
5362.000,2848.461
5363.000,2927.585
5364.000,2769.337
5365.000,2927.585
5366.000,2848.461
5367.000,3006.709
5368.000,2848.461
5369.000,3006.709
5370.000,2848.461
5371.000,2927.585
5372.000,2848.461
5373.000,2927.585
5374.000,2848.461
5375.000,3006.709
5376.000,2848.461
5377.000,3006.709
5378.000,2848.461
5379.000,3006.709
5380.000,2848.461
5381.000,2927.585
5382.000,2848.461
5383.000,2927.585
5384.000,2848.461
5385.000,3006.709
5386.000,2848.461
5387.000,3006.709
5388.000,2848.461
5389.000,2927.585
5390.000,2848.461
5391.000,2927.585
5392.000,2848.461
5393.000,3006.709
5394.000,2848.461
5395.000,3006.709
5396.000,2848.461
5397.000,2927.585
5398.000,2848.461
5399.000,2927.585
5400.000,2848.461
5401.000,3006.709
5402.000,2848.461
5403.000,3006.709
5404.000,2848.461
5405.000,2927.585
5406.000,2848.461
5407.000,2927.585
5408.000,2848.461
5409.000,3006.709
5410.000,2848.461
5411.000,3006.709
5412.000,2848.461
5413.000,2927.585
5414.000,2769.337
5415.000,2927.585
5416.000,2848.461
5417.000,3006.709
5418.000,2848.461
5419.000,3006.709
5420.000,2848.461
5421.000,2927.585
5422.000,2769.337
5423.000,2927.585
5424.000,2848.461
5425.000,3006.709
5426.000,2848.461
5427.000,3006.709
5428.000,2848.461
5429.000,2927.585
5430.000,2848.461
5431.000,2927.585
5432.000,2848.461
5433.000,2927.585
5434.000,2848.461
5435.000,3006.709
5436.000,2848.461
5437.000,3006.709
5438.000,2848.461
5439.000,2927.585
5440.000,2848.461
5441.000,2927.585
5442.000,2848.461
5443.000,3006.709
5444.000,2848.461
5445.000,3006.709
5446.000,2848.461
5447.000,2927.585
5448.000,2848.461
5449.000,2927.585
5450.000,2848.461
5451.000,3006.709
5452.000,2848.461
5453.000,3006.709
5454.000,2848.461
5455.000,2927.585
5456.000,2769.337
5457.000,2927.585
5458.000,2848.461
5459.000,3006.709
5460.000,2848.461
5461.000,3006.709
5462.000,2848.461
5463.000,2927.585
5464.000,2769.337
5465.000,2927.585
5466.000,2848.461
5467.000,3006.709
5468.000,2848.461
5469.000,3006.709
5470.000,2848.461
5471.000,2927.585
5472.000,2848.461
5473.000,2927.585
5474.000,2848.461
5475.000,3006.709
5476.000,2848.461
5477.000,3006.709
5478.000,2848.461
5479.000,3006.709
5480.000,2848.461
5481.000,2927.585
5482.000,2848.461
5483.000,2927.585
5484.000,2848.461
5485.000,3006.709
5486.000,2848.461
5487.000,3006.709
5488.000,2848.461
5489.000,2927.585
5490.000,2848.461
5491.000,2927.585
5492.000,2848.461
5493.000,3006.709
5494.000,2848.461
5495.000,3006.709
5496.000,2848.461
5497.000,2927.585
5498.000,2848.461
5499.000,2927.585
5500.000,2848.461
5501.000,3006.709
5502.000,2848.461
5503.000,3006.709
5504.000,2848.461
5505.000,2927.585
5506.000,2848.461
5507.000,2927.585
5508.000,2848.461
5509.000,3006.709
5510.000,2848.461
5511.000,3006.709
5512.000,2848.461
5513.000,2927.585
5514.000,2848.461
5515.000,2927.585
5516.000,2848.461
5517.000,3006.709
5518.000,2848.461
5519.000,3006.709
5520.000,2848.461
5521.000,2927.585
5522.000,2848.461
5523.000,2927.585
5524.000,2848.461
5525.000,3006.709
5526.000,2848.461
5527.000,3006.709
5528.000,2848.461
5529.000,2927.585
5530.000,2848.461
5531.000,2927.585
5532.000,2848.461
5533.000,3006.709
5534.000,2848.461
5535.000,3006.709
5536.000,2848.461
5537.000,3006.709
5538.000,2848.461
5539.000,2927.585
5540.000,2848.461
5541.000,2927.585
5542.000,2848.461
5543.000,3006.709
5544.000,2848.461
5545.000,3006.709
5546.000,2848.461
5547.000,2927.585
5548.000,2848.461
5549.000,2927.585
5550.000,2848.461
5551.000,3006.709
5552.000,2848.461
5553.000,3006.709
5554.000,2848.461
5555.000,2927.585
5556.000,2848.461
5557.000,2927.585
5558.000,2848.461
5559.000,3006.709
5560.000,2848.461
5561.000,3006.709
5562.000,2848.461
5563.000,2927.585
5564.000,2848.461
5565.000,2927.585
5566.000,2848.461
5567.000,3006.709
5568.000,2848.461
5569.000,3006.709
5570.000,2848.461
5571.000,2927.585
5572.000,2848.461
5573.000,2927.585
5574.000,2848.461
5575.000,3006.709
5576.000,2848.461
5577.000,3006.709
5578.000,2848.461
5579.000,2927.585
5580.000,2848.461
5581.000,2927.585
5582.000,2848.461
5583.000,3006.709
5584.000,2848.461
5585.000,3006.709
5586.000,2848.461
5587.000,3006.709
5588.000,2848.461
5589.000,2927.585
5590.000,2769.337
5591.000,2927.585
5592.000,2848.461
5593.000,3006.709
5594.000,2848.461
5595.000,3006.709
5596.000,2848.461
5597.000,2927.585
5598.000,2769.337
5599.000,2927.585
5600.000,2848.461
5601.000,3006.709
5602.000,2848.461
5603.000,3006.709
5604.000,2848.461
5605.000,2927.585
5606.000,2769.337
5607.000,2927.585
5608.000,2848.461
5609.000,3006.709
5610.000,2848.461
5611.000,3006.709
5612.000,2848.461
5613.000,2927.585
5614.000,2848.461
5615.000,2927.585
5616.000,2848.461
5617.000,2927.585
5618.000,2848.461
5619.000,3006.709
5620.000,2848.461
5621.000,3006.709
5622.000,2848.461
5623.000,2927.585
5624.000,2848.461
5625.000,3006.709
5626.000,2848.461
5627.000,3006.709
5628.000,2848.461
5629.000,2927.585
5630.000,2848.461
5631.000,2927.585
5632.000,2848.461
5633.000,3006.709
5634.000,2848.461
5635.000,3006.709
5636.000,2848.461
5637.000,2927.585
5638.000,2848.461
5639.000,2927.585
5640.000,2848.461
5641.000,2927.585
5642.000,2848.461
5643.000,3006.709
5644.000,2848.461
5645.000,3006.709
5646.000,2848.461
5647.000,2927.585
5648.000,2848.461
5649.000,2927.585
5650.000,2848.461
5651.000,3006.709
5652.000,2848.461
5653.000,3006.709
5654.000,2848.461
5655.000,2927.585
5656.000,2769.337
5657.000,2927.585
5658.000,2848.461
5659.000,3006.709
5660.000,2848.461
5661.000,3006.709
5662.000,2848.461
5663.000,2927.585
5664.000,2769.337
5665.000,2927.585
5666.000,2848.461
5667.000,3006.709
5668.000,2848.461
5669.000,3006.709
5670.000,2848.461
5671.000,2927.585
5672.000,2848.461
5673.000,2927.585
5674.000,2848.461
5675.000,3006.709
5676.000,2848.461
5677.000,3006.709
5678.000,2848.461
5679.000,3006.709
5680.000,2848.461
5681.000,2927.585
5682.000,2848.461
5683.000,2927.585
5684.000,2848.461
5685.000,3006.709
5686.000,2848.461
5687.000,3006.709
5688.000,2848.461
5689.000,2927.585
5690.000,2848.461
5691.000,2927.585
5692.000,2848.461
5693.000,3006.709
5694.000,2848.461
5695.000,3006.709
5696.000,2848.461
5697.000,2927.585
5698.000,2848.461
5699.000,2927.585
5700.000,2848.461
5701.000,3006.709
5702.000,2848.461
5703.000,3006.709
5704.000,2848.461
5705.000,2927.585
5706.000,2769.337
5707.000,2927.585
5708.000,2848.461
5709.000,3006.709
5710.000,2848.461
5711.000,3006.709
5712.000,2848.461
5713.000,2927.585
5714.000,2769.337
5715.000,2927.585
5716.000,2848.461
5717.000,3006.709
5718.000,2848.461
5719.000,3006.709
5720.000,2848.461
5721.000,2927.585
5722.000,2769.337
5723.000,2927.585
5724.000,2848.461
5725.000,2927.585
5726.000,2848.461
5727.000,3006.709
5728.000,2848.461
5729.000,3006.709
5730.000,2848.461
5731.000,2927.585
5732.000,2769.337
5733.000,2927.585
5734.000,2848.461
5735.000,3006.709
5736.000,2848.461
5737.000,3006.709
5738.000,2848.461
5739.000,2927.585
5740.000,2769.337
5741.000,2927.585
5742.000,2848.461
5743.000,3006.709
5744.000,2848.461
5745.000,3006.709
5746.000,2848.461
5747.000,2927.585
5748.000,2848.461
5749.000,2927.585
5750.000,2848.461
5751.000,3006.709
5752.000,2848.461
5753.000,3006.709
5754.000,2848.461
5755.000,2927.585
5756.000,2848.461
5757.000,2927.585
5758.000,2848.461
5759.000,3006.709
5760.000,2848.461
5761.000,3006.709
5762.000,2848.461
5763.000,2927.585
5764.000,2848.461
5765.000,2927.585
5766.000,2848.461
5767.000,3006.709
5768.000,2848.461
5769.000,3006.709
5770.000,2848.461
5771.000,2927.585
5772.000,2848.461
5773.000,2927.585
5774.000,2848.461
5775.000,3006.709
5776.000,2848.461
5777.000,3006.709
5778.000,2848.461
5779.000,3006.709
5780.000,2848.461
5781.000,2927.585
5782.000,2769.337
5783.000,2927.585
5784.000,2848.461
5785.000,3006.709
5786.000,2848.461
5787.000,3006.709
5788.000,2848.461
5789.000,2927.585
5790.000,2769.337
5791.000,2927.585
5792.000,2848.461
5793.000,3006.709
5794.000,2848.461
5795.000,3006.709
5796.000,2848.461
5797.000,2927.585
5798.000,2769.337
5799.000,2927.585
5800.000,2848.461
5801.000,3006.709
5802.000,2848.461
5803.000,3006.709
5804.000,2848.461
5805.000,2927.585
5806.000,2769.337
5807.000,2927.585
5808.000,2848.461
5809.000,3006.709
5810.000,2848.461
5811.000,3006.709
5812.000,2848.461
5813.000,2927.585
5814.000,2848.461
5815.000,2927.585
5816.000,2848.461
5817.000,3006.709
5818.000,2848.461
5819.000,3006.709
5820.000,2848.461
5821.000,3006.709
5822.000,2848.461
5823.000,2927.585
5824.000,2848.461
5825.000,2927.585
5826.000,2848.461
5827.000,3006.709
5828.000,2848.461
5829.000,3006.709
5830.000,2848.461
5831.000,2927.585
5832.000,2848.461
5833.000,2927.585
5834.000,2848.461
5835.000,3006.709
5836.000,2848.461
5837.000,3006.709
5838.000,2848.461
5839.000,2927.585
5840.000,2769.337
5841.000,2927.585
5842.000,2848.461
5843.000,3006.709
5844.000,2848.461
5845.000,3006.709
5846.000,2848.461
5847.000,2927.585
5848.000,2769.337
5849.000,2927.585
5850.000,2848.461
5851.000,3006.709
5852.000,2848.461
5853.000,3006.709
5854.000,2848.461
5855.000,2927.585
5856.000,2769.337
5857.000,2927.585
5858.000,2848.461
5859.000,3006.709
5860.000,2848.461
5861.000,3006.709
5862.000,2848.461
5863.000,2927.585
5864.000,2769.337
5865.000,2927.585
5866.000,2848.461
5867.000,3006.709
5868.000,2848.461
5869.000,3006.709
5870.000,2848.461
5871.000,3006.709
5872.000,2848.461
5873.000,2927.585
5874.000,2769.337
5875.000,2927.585
5876.000,2848.461
5877.000,3006.709
5878.000,2848.461
5879.000,3006.709
5880.000,2848.461
5881.000,2927.585
5882.000,2848.461
5883.000,2927.585
5884.000,2848.461
5885.000,3006.709
5886.000,2848.461
5887.000,3006.709
5888.000,2848.461
5889.000,2927.585
5890.000,2769.337
5891.000,2927.585
5892.000,2848.461
5893.000,3006.709
5894.000,2848.461
5895.000,3006.709
5896.000,2848.461
5897.000,2927.585
5898.000,2769.337
5899.000,2927.585
5900.000,2848.461
5901.000,3006.709
5902.000,2848.461
5903.000,3006.709
5904.000,2848.461
5905.000,2927.585
5906.000,2769.337
5907.000,2927.585
5908.000,2848.461
5909.000,3006.709
5910.000,2848.461
5911.000,3006.709
5912.000,2848.461
5913.000,2927.585
5914.000,2769.337
5915.000,2927.585
5916.000,2848.461
5917.000,3006.709
5918.000,2848.461
5919.000,3006.709
5920.000,2848.461
5921.000,2927.585
5922.000,2769.337
5923.000,2927.585
5924.000,2769.337
5925.000,2927.585
5926.000,2848.461
5927.000,3006.709
5928.000,2848.461
5929.000,3006.709
5930.000,2848.461
5931.000,2927.585
5932.000,2769.337
5933.000,2927.585
5934.000,2848.461
5935.000,3006.709
5936.000,2848.461
5937.000,3006.709
5938.000,2848.461
5939.000,2927.585
5940.000,2769.337
5941.000,2927.585
5942.000,2848.461
5943.000,3006.709
5944.000,2848.461
5945.000,3006.709
5946.000,2848.461
5947.000,2927.585
5948.000,2769.337
5949.000,2927.585
5950.000,2848.461
5951.000,3006.709
5952.000,2848.461
5953.000,3006.709
5954.000,2848.461
5955.000,2927.585
5956.000,2769.337
5957.000,2927.585
5958.000,2848.461
5959.000,3006.709
5960.000,2848.461
5961.000,3006.709
5962.000,2848.461
5963.000,2927.585
5964.000,2769.337
5965.000,2927.585
5966.000,2848.461
5967.000,3006.709
5968.000,2848.461
5969.000,3006.709
5970.000,2848.461
5971.000,2927.585
5972.000,2848.461
5973.000,2927.585
5974.000,2848.461
5975.000,2927.585
5976.000,2848.461
5977.000,3006.709
5978.000,2848.461
5979.000,3006.709
5980.000,2848.461
5981.000,2927.585
5982.000,2769.337
5983.000,2927.585
5984.000,2848.461
5985.000,3006.709
5986.000,2848.461
5987.000,3006.709
5988.000,2848.461
5989.000,2927.585
5990.000,2769.337
5991.000,2927.585
5992.000,2848.461
5993.000,3006.709
5994.000,2848.461
5995.000,3006.709
5996.000,2848.461
5997.000,2927.585
5998.000,2769.337
5999.000,2927.585
6000.000,2848.461
6001.000,3006.709
6002.000,2848.461
6003.000,3006.709
6004.000,2848.461
6005.000,2927.585
6006.000,2769.337
6007.000,2927.585
6008.000,2848.461
6009.000,3006.709
6010.000,2848.461
6011.000,3006.709
6012.000,2848.461
6013.000,2927.585
6014.000,2769.337
6015.000,2927.585
6016.000,2848.461
6017.000,3006.709
6018.000,2848.461
6019.000,3006.709
6020.000,2848.461
6021.000,2927.585
6022.000,2769.337
6023.000,2927.585
6024.000,2848.461
6025.000,3006.709
6026.000,2848.461
6027.000,3006.709
6028.000,2848.461
6029.000,3006.709
6030.000,2769.337
6031.000,2927.585
6032.000,2769.337
6033.000,2927.585
6034.000,2848.461
6035.000,3006.709
6036.000,2848.461
6037.000,3006.709
6038.000,2848.461
6039.000,2927.585
6040.000,2769.337
6041.000,2927.585
6042.000,2848.461
6043.000,3006.709
6044.000,2927.585
6045.000,3006.709
6046.000,2848.461
6047.000,2927.585
6048.000,2769.337
6049.000,2927.585
6050.000,2848.461
6051.000,3006.709
6052.000,2848.461
6053.000,3006.709
6054.000,2848.461
6055.000,2927.585
6056.000,2769.337
6057.000,2927.585
6058.000,2848.461
6059.000,3006.709
6060.000,2848.461
6061.000,3006.709
6062.000,2848.461
6063.000,2927.585
6064.000,2769.337
6065.000,2927.585
6066.000,2769.337
6067.000,2927.585
6068.000,2848.461
6069.000,3006.709
6070.000,2848.461
6071.000,2927.585
6072.000,2848.461
6073.000,2927.585
6074.000,2769.337
6075.000,2927.585
6076.000,2848.461
6077.000,3006.709
6078.000,2848.461
6079.000,3006.709
6080.000,2848.461
6081.000,2927.585
6082.000,2769.337
6083.000,2927.585
6084.000,2848.461
6085.000,3006.709
6086.000,2848.461
6087.000,3006.709
6088.000,2848.461
6089.000,2927.585
6090.000,2769.337
6091.000,2927.585
6092.000,2848.461
6093.000,3006.709
6094.000,2848.461
6095.000,3006.709
6096.000,2848.461
6097.000,2927.585
6098.000,2769.337
6099.000,2927.585
6100.000,2848.461
6101.000,3006.709
6102.000,2848.461
6103.000,3006.709
6104.000,2848.461
6105.000,2927.585
6106.000,2769.337
6107.000,2927.585
6108.000,2848.461
6109.000,3006.709
6110.000,2848.461
6111.000,3006.709
6112.000,2848.461
6113.000,2927.585
6114.000,2769.337
6115.000,2927.585
6116.000,2848.461
6117.000,3006.709
6118.000,2848.461
6119.000,3006.709
6120.000,2848.461
6121.000,3006.709
6122.000,2848.461
6123.000,2927.585
6124.000,2848.461
6125.000,3006.709
6126.000,2848.461
6127.000,3006.709
6128.000,2848.461
6129.000,2927.585
6130.000,2848.461
6131.000,2927.585
6132.000,2848.461
6133.000,2927.585
6134.000,2848.461
6135.000,3006.709
6136.000,2848.461
6137.000,3006.709
6138.000,2848.461
6139.000,2927.585
6140.000,2769.337
6141.000,2927.585
6142.000,2848.461
6143.000,3006.709
6144.000,2848.461
6145.000,3006.709
6146.000,2848.461
6147.000,2927.585
6148.000,2769.337
6149.000,2927.585
6150.000,2848.461
6151.000,3006.709
6152.000,2848.461
6153.000,3006.709
6154.000,2848.461
6155.000,2927.585
6156.000,2769.337
6157.000,2927.585
6158.000,2848.461
6159.000,3006.709
6160.000,2848.461
6161.000,3006.709
6162.000,2848.461
6163.000,2927.585
6164.000,2769.337
6165.000,2927.585
6166.000,2769.337
6167.000,3006.709
6168.000,2848.461
6169.000,3006.709
6170.000,2848.461
6171.000,2927.585
6172.000,2769.337
6173.000,2927.585
6174.000,2769.337
6175.000,2927.585
6176.000,2848.461
6177.000,3006.709
6178.000,2848.461
6179.000,3006.709
6180.000,2848.461
6181.000,2927.585
6182.000,2769.337
6183.000,2927.585
6184.000,2848.461
6185.000,3006.709
6186.000,2848.461
6187.000,3006.709
6188.000,2848.461
6189.000,2927.585
6190.000,2769.337
6191.000,2927.585
6192.000,2848.461
6193.000,3006.709
6194.000,2848.461
6195.000,3006.709
6196.000,2848.461
6197.000,2927.585
6198.000,2769.337
6199.000,2927.585
6200.000,2848.461
6201.000,3006.709
6202.000,2848.461
6203.000,3006.709
6204.000,2848.461
6205.000,2927.585
6206.000,2769.337
6207.000,2927.585
6208.000,2848.461
6209.000,3006.709
6210.000,2848.461
6211.000,3006.709
6212.000,2848.461
6213.000,2927.585
6214.000,2769.337
6215.000,2927.585
6216.000,2848.461
6217.000,3006.709
6218.000,2848.461
6219.000,3006.709
6220.000,2848.461
6221.000,2927.585
6222.000,2769.337
6223.000,2927.585
6224.000,2769.337
6225.000,3006.709
6226.000,2848.461
6227.000,3006.709
6228.000,2848.461
6229.000,3006.709
6230.000,2848.461
6231.000,2927.585
6232.000,2769.337
6233.000,2927.585
6234.000,2848.461
6235.000,3006.709
6236.000,2848.461
6237.000,3006.709
6238.000,2848.461
6239.000,2927.585
6240.000,2769.337
6241.000,2927.585
6242.000,2848.461
6243.000,3006.709
6244.000,2848.461
6245.000,3006.709
6246.000,2848.461
6247.000,2927.585
6248.000,2769.337
6249.000,2927.585
6250.000,2848.461
6251.000,3006.709
6252.000,2848.461
6253.000,3006.709
6254.000,2848.461
6255.000,2927.585
6256.000,2769.337
6257.000,2927.585
6258.000,2848.461
6259.000,3006.709
6260.000,2848.461
6261.000,3006.709
6262.000,2848.461
6263.000,2927.585
6264.000,2769.337
6265.000,2927.585
6266.000,2848.461
6267.000,3006.709
6268.000,2848.461
6269.000,3006.709
6270.000,2848.461
6271.000,2927.585
6272.000,2769.337
6273.000,2927.585
6274.000,2769.337
6275.000,3006.709
6276.000,2848.461
6277.000,3006.709
6278.000,2848.461
6279.000,3006.709
6280.000,2769.337
6281.000,2927.585
6282.000,2769.337
6283.000,2927.585
6284.000,2848.461
6285.000,3006.709
6286.000,2848.461
6287.000,3006.709
6288.000,2848.461
6289.000,2927.585
6290.000,2769.337
6291.000,2927.585
6292.000,2848.461
6293.000,3006.709
6294.000,2848.461
6295.000,3006.709
6296.000,2848.461
6297.000,2927.585
6298.000,2769.337
6299.000,2927.585
6300.000,2848.461
6301.000,3006.709
6302.000,2848.461
6303.000,3006.709
6304.000,2848.461
6305.000,2927.585
6306.000,2769.337
6307.000,2927.585
6308.000,2848.461
6309.000,3006.709
6310.000,2848.461
6311.000,3006.709
6312.000,2848.461
6313.000,2927.585
6314.000,2769.337
6315.000,2927.585
6316.000,2848.461
6317.000,3006.709
6318.000,2848.461
6319.000,3006.709
6320.000,2848.461
6321.000,2927.585
6322.000,2769.337
6323.000,2927.585
6324.000,2769.337
6325.000,3006.709
6326.000,2848.461
6327.000,3006.709
6328.000,2848.461
6329.000,3006.709
6330.000,2848.461
6331.000,2927.585
6332.000,2769.337
6333.000,2927.585
6334.000,2848.461
6335.000,3006.709
6336.000,2848.461
6337.000,3006.709
6338.000,2848.461
6339.000,2927.585
6340.000,2769.337
6341.000,2927.585
6342.000,2848.461
6343.000,3006.709
6344.000,2848.461
6345.000,3006.709
6346.000,2848.461
6347.000,2927.585
6348.000,2769.337
6349.000,2927.585
6350.000,2848.461
6351.000,3006.709
6352.000,2848.461
6353.000,3006.709
6354.000,2848.461
6355.000,2927.585
6356.000,2769.337
6357.000,2927.585
6358.000,2848.461
6359.000,3006.709
6360.000,2848.461
6361.000,3006.709
6362.000,2848.461
6363.000,2927.585
6364.000,2769.337
6365.000,2927.585
6366.000,2848.461
6367.000,3006.709
6368.000,2848.461
6369.000,3006.709
6370.000,2848.461
6371.000,2927.585
6372.000,2769.337
6373.000,2927.585
6374.000,2848.461
6375.000,3006.709
6376.000,2848.461
6377.000,3006.709
6378.000,2848.461
6379.000,2927.585
6380.000,2769.337
6381.000,2927.585
6382.000,2769.337
6383.000,2927.585
6384.000,2848.461
6385.000,3006.709
6386.000,2848.461
6387.000,3006.709
6388.000,2848.461
6389.000,2927.585
6390.000,2769.337
6391.000,2927.585
6392.000,2848.461
6393.000,3006.709
6394.000,2848.461
6395.000,3006.709
6396.000,2848.461
6397.000,2927.585
6398.000,2769.337
6399.000,2927.585
6400.000,2848.461
6401.000,3006.709
6402.000,2848.461
6403.000,3006.709
6404.000,2848.461
6405.000,2927.585
6406.000,2769.337
6407.000,2927.585
6408.000,2848.461
6409.000,3006.709
6410.000,2848.461
6411.000,3006.709
6412.000,2848.461
6413.000,2927.585
6414.000,2769.337
6415.000,2927.585
6416.000,2848.461
6417.000,3006.709
6418.000,2848.461
6419.000,3006.709
6420.000,2848.461
6421.000,3006.709
6422.000,2848.461
6423.000,2927.585
6424.000,2848.461
6425.000,3006.709
6426.000,2848.461
6427.000,3006.709
6428.000,2848.461
6429.000,2927.585
6430.000,2848.461
6431.000,2927.585
6432.000,2848.461
6433.000,2927.585
6434.000,2848.461
6435.000,3006.709
6436.000,2848.461
6437.000,3006.709
6438.000,2848.461
6439.000,2927.585
6440.000,2769.337
6441.000,2927.585
6442.000,2848.461
6443.000,3006.709
6444.000,2848.461
6445.000,3006.709
6446.000,2848.461
6447.000,2927.585
6448.000,2769.337
6449.000,2927.585
6450.000,2848.461
6451.000,3006.709
6452.000,2848.461
6453.000,3006.709
6454.000,2848.461
6455.000,2927.585
6456.000,2769.337
6457.000,2927.585
6458.000,2848.461
6459.000,3006.709
6460.000,2848.461
6461.000,3006.709
6462.000,2848.461
6463.000,2927.585
6464.000,2769.337
6465.000,2927.585
6466.000,2848.461
6467.000,3006.709
6468.000,2848.461
6469.000,3006.709
6470.000,2848.461
6471.000,3006.709
6472.000,2848.461
6473.000,2927.585
6474.000,2848.461
6475.000,3006.709
6476.000,2848.461
6477.000,3006.709
6478.000,2848.461
6479.000,3006.709
6480.000,2848.461
6481.000,2927.585
6482.000,2848.461
6483.000,3006.709
6484.000,2848.461
6485.000,3006.709
6486.000,2848.461
6487.000,3006.709
6488.000,2848.461
6489.000,2927.585
6490.000,2848.461
6491.000,3006.709
6492.000,2848.461
6493.000,3006.709
6494.000,2848.461
6495.000,3006.709
6496.000,2848.461
6497.000,2927.585
6498.000,2769.337
6499.000,2927.585
6500.000,2848.461
6501.000,3006.709
6502.000,2848.461
6503.000,3006.709
6504.000,2848.461
6505.000,2927.585
6506.000,2769.337
6507.000,2927.585
6508.000,2848.461
6509.000,3006.709
6510.000,2848.461
6511.000,3006.709
6512.000,2848.461
6513.000,2927.585
6514.000,2769.337
6515.000,2927.585
6516.000,2848.461
6517.000,3006.709
6518.000,2848.461
6519.000,3006.709
6520.000,2848.461
6521.000,2927.585
6522.000,2769.337
6523.000,2927.585
6524.000,2769.337
6525.000,2927.585
6526.000,2848.461
6527.000,3006.709
6528.000,2848.461
6529.000,3006.709
6530.000,2848.461
6531.000,2927.585
6532.000,2769.337
6533.000,2927.585
6534.000,2848.461
6535.000,3006.709
6536.000,2848.461
6537.000,3006.709
6538.000,2848.461
6539.000,2927.585
6540.000,2769.337
6541.000,2927.585
6542.000,2848.461
6543.000,3006.709
6544.000,2848.461
6545.000,3006.709
6546.000,2848.461
6547.000,2927.585
6548.000,2769.337
6549.000,2927.585
6550.000,2848.461
6551.000,3006.709
6552.000,2848.461
6553.000,3006.709
6554.000,2848.461
6555.000,2927.585
6556.000,2769.337
6557.000,2927.585
6558.000,2848.461
6559.000,3006.709
6560.000,2848.461
6561.000,3006.709
6562.000,2848.461
6563.000,2927.585
6564.000,2769.337
6565.000,2927.585
6566.000,2848.461
6567.000,3006.709
6568.000,2848.461
6569.000,3006.709
6570.000,2848.461
6571.000,2927.585
6572.000,2769.337
6573.000,2927.585
6574.000,2848.461
6575.000,3006.709
6576.000,2848.461
6577.000,3006.709
6578.000,2848.461
6579.000,2927.585
6580.000,2769.337
6581.000,2927.585
6582.000,2769.337
6583.000,2927.585
6584.000,2848.461
6585.000,3006.709
6586.000,2848.461
6587.000,3006.709
6588.000,2848.461
6589.000,2927.585
6590.000,2769.337
6591.000,2927.585
6592.000,2848.461
6593.000,3006.709
6594.000,2848.461
6595.000,3006.709
6596.000,2848.461
6597.000,2927.585
6598.000,2769.337
6599.000,2927.585
6600.000,2848.461
6601.000,3006.709
6602.000,2848.461
6603.000,3006.709
6604.000,2848.461
6605.000,2927.585
6606.000,2769.337
6607.000,2927.585
6608.000,2848.461
6609.000,3006.709
6610.000,2848.461
6611.000,3006.709
6612.000,2848.461
6613.000,2927.585
6614.000,2769.337
6615.000,2927.585
6616.000,2848.461
6617.000,3006.709
6618.000,2848.461
6619.000,3006.709
6620.000,2848.461
6621.000,2927.585
6622.000,2769.337
6623.000,2927.585
6624.000,2848.461
6625.000,3006.709
6626.000,2848.461
6627.000,3006.709
6628.000,2848.461
6629.000,3006.709
6630.000,2769.337
6631.000,2927.585
6632.000,2769.337
6633.000,2927.585
6634.000,2848.461
6635.000,3006.709
6636.000,2848.461
6637.000,3006.709
6638.000,2848.461
6639.000,2927.585
6640.000,2769.337
6641.000,2927.585
6642.000,2848.461
6643.000,3006.709
6644.000,2848.461
6645.000,3006.709
6646.000,2848.461
6647.000,2927.585
6648.000,2769.337
6649.000,2927.585
6650.000,2848.461
6651.000,3006.709
6652.000,2848.461
6653.000,3006.709
6654.000,2848.461
6655.000,2927.585
6656.000,2769.337
6657.000,2927.585
6658.000,2848.461
6659.000,3006.709
6660.000,2848.461
6661.000,3006.709
6662.000,2848.461
6663.000,2927.585
6664.000,2769.337
6665.000,2927.585
6666.000,2848.461
6667.000,3006.709
6668.000,2848.461
6669.000,3006.709
6670.000,2848.461
6671.000,2927.585
6672.000,2848.461
6673.000,2927.585
6674.000,2848.461
6675.000,3006.709
6676.000,2848.461
6677.000,3006.709
6678.000,2848.461
6679.000,3006.709
6680.000,2848.461
6681.000,2927.585
6682.000,2769.337
6683.000,2927.585
6684.000,2848.461
6685.000,3006.709
6686.000,2848.461
6687.000,3006.709
6688.000,2848.461
6689.000,2927.585
6690.000,2769.337
6691.000,2927.585
6692.000,2848.461
6693.000,3006.709
6694.000,2848.461
6695.000,3006.709
6696.000,2848.461
6697.000,2927.585
6698.000,2769.337
6699.000,2927.585
6700.000,2848.461
6701.000,3006.709
6702.000,2848.461
6703.000,3006.709
6704.000,2848.461
6705.000,2927.585
6706.000,2769.337
6707.000,2927.585
6708.000,2848.461
6709.000,3006.709
6710.000,2848.461
6711.000,3006.709
6712.000,2848.461
6713.000,2927.585
6714.000,2769.337
6715.000,2927.585
6716.000,2848.461
6717.000,3006.709
6718.000,2848.461
6719.000,3006.709
6720.000,2848.461
6721.000,2927.585
6722.000,2769.337
6723.000,2927.585
6724.000,2848.461
6725.000,3006.709
6726.000,2848.461
6727.000,3006.709
6728.000,2848.461
6729.000,3006.709
6730.000,2848.461
6731.000,2927.585
6732.000,2769.337
6733.000,2927.585
6734.000,2848.461
6735.000,3006.709
6736.000,2848.461
6737.000,3006.709
6738.000,2848.461
6739.000,2927.585
6740.000,2769.337
6741.000,2927.585
6742.000,2848.461
6743.000,3006.709
6744.000,2848.461
6745.000,3006.709
6746.000,2848.461
6747.000,2927.585
6748.000,2769.337
6749.000,2927.585
6750.000,2848.461
6751.000,3006.709
6752.000,2848.461
6753.000,3006.709
6754.000,2848.461
6755.000,2927.585
6756.000,2769.337
6757.000,2927.585
6758.000,2848.461
6759.000,3006.709
6760.000,2848.461
6761.000,3006.709
6762.000,2848.461
6763.000,3006.709
6764.000,2848.461
6765.000,2927.585
6766.000,2848.461
6767.000,3006.709
6768.000,2848.461
6769.000,3006.709
6770.000,2848.461
6771.000,3006.709
6772.000,2848.461
6773.000,2927.585
6774.000,2769.337
6775.000,2927.585
6776.000,2848.461
6777.000,3006.709
6778.000,2848.461
6779.000,3006.709
6780.000,2848.461
6781.000,2927.585
6782.000,2769.337
6783.000,2927.585
6784.000,2848.461
6785.000,3006.709
6786.000,2848.461
6787.000,3006.709
6788.000,2848.461
6789.000,2927.585
6790.000,2848.461
6791.000,2927.585
6792.000,2848.461
6793.000,3006.709
6794.000,2848.461
6795.000,3006.709
6796.000,2848.461
6797.000,2927.585
6798.000,2848.461
6799.000,2927.585
6800.000,2848.461
6801.000,3006.709
6802.000,2848.461
6803.000,3006.709
6804.000,2848.461
6805.000,2927.585
6806.000,2769.337
6807.000,2927.585
6808.000,2848.461
6809.000,3006.709
6810.000,2848.461
6811.000,3006.709
6812.000,2848.461
6813.000,2927.585
6814.000,2769.337
6815.000,2927.585
6816.000,2848.461
6817.000,3006.709
6818.000,2848.461
6819.000,3006.709
6820.000,2848.461
6821.000,2927.585
6822.000,2769.337
6823.000,2927.585
6824.000,2769.337
6825.000,2927.585
6826.000,2848.461
6827.000,3006.709
6828.000,2848.461
6829.000,3006.709
6830.000,2848.461
6831.000,2927.585
6832.000,2769.337
6833.000,2927.585
6834.000,2848.461
6835.000,3006.709
6836.000,2848.461
6837.000,3006.709
6838.000,2848.461
6839.000,2927.585
6840.000,2769.337
6841.000,2927.585
6842.000,2848.461
6843.000,3006.709
6844.000,2848.461
6845.000,3006.709
6846.000,2848.461
6847.000,2927.585
6848.000,2769.337
6849.000,2927.585
6850.000,2848.461
6851.000,3006.709
6852.000,2848.461
6853.000,3006.709
6854.000,2848.461
6855.000,2927.585
6856.000,2769.337
6857.000,2927.585
6858.000,2848.461
6859.000,3006.709
6860.000,2848.461
6861.000,3006.709
6862.000,2848.461
6863.000,2927.585
6864.000,2769.337
6865.000,2927.585
6866.000,2848.461
6867.000,3006.709
6868.000,2848.461
6869.000,3006.709
6870.000,2848.461
6871.000,3006.709
6872.000,2769.337
6873.000,2927.585
6874.000,2769.337
6875.000,2927.585
6876.000,2848.461
6877.000,3006.709
6878.000,2848.461
6879.000,3006.709
6880.000,2848.461
6881.000,2927.585
6882.000,2769.337
6883.000,2927.585
6884.000,2848.461
6885.000,3006.709
6886.000,2848.461
6887.000,3006.709
6888.000,2848.461
6889.000,2927.585
6890.000,2769.337
6891.000,2927.585
6892.000,2848.461
6893.000,3006.709
6894.000,2848.461
6895.000,3006.709
6896.000,2848.461
6897.000,2927.585
6898.000,2769.337
6899.000,2927.585
6900.000,2848.461
6901.000,3006.709
6902.000,2848.461
6903.000,3006.709
6904.000,2848.461
6905.000,2927.585
6906.000,2769.337
6907.000,2927.585
6908.000,2848.461
6909.000,3006.709
6910.000,2848.461
6911.000,3006.709
6912.000,2848.461
6913.000,3006.709
6914.000,2848.461
6915.000,2927.585
6916.000,2848.461
6917.000,3006.709
6918.000,2848.461
6919.000,3006.709
6920.000,2848.461
6921.000,3006.709
6922.000,2848.461
6923.000,2927.585
6924.000,2848.461
6925.000,3006.709
6926.000,2848.461
6927.000,3006.709
6928.000,2848.461
6929.000,3006.709
6930.000,2848.461
6931.000,2927.585
6932.000,2848.461
6933.000,3006.709
6934.000,2848.461
6935.000,3006.709
6936.000,2848.461
6937.000,3006.709
6938.000,2848.461
6939.000,2927.585
6940.000,2769.337
6941.000,2927.585
6942.000,2848.461
6943.000,3006.709
6944.000,2848.461
6945.000,3006.709
6946.000,2848.461
6947.000,2927.585
6948.000,2769.337
6949.000,2927.585
6950.000,2848.461
6951.000,3006.709
6952.000,2848.461
6953.000,3006.709
6954.000,2848.461
6955.000,2927.585
6956.000,2769.337
6957.000,2927.585
6958.000,2769.337
6959.000,3006.709
6960.000,2848.461
6961.000,3006.709
6962.000,2848.461
6963.000,3006.709
6964.000,2769.337
6965.000,2927.585
6966.000,2769.337
6967.000,2927.585
6968.000,2848.461
6969.000,3006.709
6970.000,2848.461
6971.000,3006.709
6972.000,2848.461
6973.000,2927.585
6974.000,2769.337
6975.000,2927.585
6976.000,2848.461
6977.000,3006.709
6978.000,2848.461
6979.000,3006.709
6980.000,2848.461
6981.000,2927.585
6982.000,2769.337
6983.000,2927.585
6984.000,2848.461
6985.000,3006.709
6986.000,2848.461
6987.000,3006.709
6988.000,2848.461
6989.000,2927.585
6990.000,2769.337
6991.000,2927.585
6992.000,2848.461
6993.000,3006.709
6994.000,2848.461
6995.000,3006.709
6996.000,2848.461
6997.000,2927.585
6998.000,2769.337
6999.000,2927.585
7000.000,2848.461
7001.000,3006.709
7002.000,2848.461
7003.000,3006.709
7004.000,2848.461
7005.000,2927.585
7006.000,2769.337
7007.000,2927.585
7008.000,2848.461
7009.000,3006.709
7010.000,2848.461
7011.000,3006.709
7012.000,2848.461
7013.000,3006.709
7014.000,2769.337
7015.000,2927.585
7016.000,2769.337
7017.000,3006.709
7018.000,2848.461
7019.000,3006.709
7020.000,2848.461
7021.000,3006.709
7022.000,2848.461
7023.000,2927.585
7024.000,2769.337
7025.000,2927.585
7026.000,2848.461
7027.000,3006.709
7028.000,2848.461
7029.000,3006.709
7030.000,2848.461
7031.000,2927.585
7032.000,2769.337
7033.000,2927.585
7034.000,2848.461
7035.000,3006.709
7036.000,2848.461
7037.000,3006.709
7038.000,2848.461
7039.000,2927.585
7040.000,2769.337
7041.000,2927.585
7042.000,2848.461
7043.000,3006.709
7044.000,2848.461
7045.000,3006.709
7046.000,2848.461
7047.000,2927.585
7048.000,2769.337
7049.000,2927.585
7050.000,2848.461
7051.000,3006.709
7052.000,2848.461
7053.000,3006.709
7054.000,2848.461
7055.000,2927.585
7056.000,2769.337
7057.000,2927.585
7058.000,2848.461
7059.000,3006.709
7060.000,2848.461
7061.000,3006.709
7062.000,2848.461
7063.000,2927.585
7064.000,2769.337
7065.000,2927.585
7066.000,2848.461
7067.000,3006.709
7068.000,2848.461
7069.000,3006.709
7070.000,2848.461
7071.000,3006.709
7072.000,2848.461
7073.000,2927.585
7074.000,2769.337
7075.000,2927.585
7076.000,2848.461
7077.000,3006.709
7078.000,2848.461
7079.000,3006.709
7080.000,2848.461
7081.000,2927.585
7082.000,2769.337
7083.000,2927.585
7084.000,2848.461
7085.000,3006.709
7086.000,2848.461
7087.000,3006.709
7088.000,2848.461
7089.000,2927.585
7090.000,2769.337
7091.000,2927.585
7092.000,2848.461
7093.000,3006.709
7094.000,2848.461
7095.000,3006.709
7096.000,2848.461
7097.000,2927.585
7098.000,2769.337
7099.000,2927.585
7100.000,2848.461
7101.000,3006.709
7102.000,2848.461
7103.000,3006.709
7104.000,2848.461
7105.000,2927.585
7106.000,2769.337
7107.000,2927.585
7108.000,2848.461
7109.000,3006.709
7110.000,2848.461
7111.000,3006.709
7112.000,2848.461
7113.000,2927.585
7114.000,2769.337
7115.000,2927.585
7116.000,2769.337
7117.000,3006.709
7118.000,2848.461
7119.000,3006.709
7120.000,2848.461
7121.000,3006.709
7122.000,2848.461
7123.000,2927.585
7124.000,2769.337
7125.000,2927.585
7126.000,2848.461
7127.000,3006.709
7128.000,2848.461
7129.000,3006.709
7130.000,2848.461
7131.000,2927.585
7132.000,2769.337
7133.000,2927.585
7134.000,2848.461
7135.000,3006.709
7136.000,2848.461
7137.000,3006.709
7138.000,2848.461
7139.000,2927.585
7140.000,2769.337
7141.000,2927.585
7142.000,2848.461
7143.000,3006.709
7144.000,2848.461
7145.000,3006.709
7146.000,2848.461
7147.000,2927.585
7148.000,2769.337
7149.000,2927.585
7150.000,2848.461
7151.000,3006.709
7152.000,2848.461
7153.000,3006.709
7154.000,2848.461
7155.000,2927.585
7156.000,2848.461
7157.000,2927.585
7158.000,2848.461
7159.000,3006.709
7160.000,2848.461
7161.000,3006.709
7162.000,2848.461
7163.000,2927.585
7164.000,2769.337
7165.000,2927.585
7166.000,2848.461
7167.000,3006.709
7168.000,2848.461
7169.000,3006.709
7170.000,2848.461
7171.000,2927.585
7172.000,2769.337
7173.000,2927.585
7174.000,2769.337
7175.000,3006.709
7176.000,2848.461
7177.000,3006.709
7178.000,2848.461
7179.000,3006.709
7180.000,2769.337
7181.000,2927.585
7182.000,2769.337
7183.000,2927.585
7184.000,2848.461
7185.000,3006.709
7186.000,2848.461
7187.000,3006.709
7188.000,2848.461
7189.000,2927.585
7190.000,2769.337
7191.000,2927.585
7192.000,2848.461
7193.000,3006.709
7194.000,2848.461
7195.000,3006.709
7196.000,2848.461
7197.000,2927.585
7198.000,2769.337
7199.000,2927.585
7200.000,2769.337
7201.000,3006.709
7202.000,2848.461
7203.000,3006.709
7204.000,2848.461
7205.000,3006.709
7206.000,2769.337
7207.000,2927.585
7208.000,2769.337
7209.000,3006.709
7210.000,2848.461
7211.000,3006.709
7212.000,2848.461
7213.000,3006.709
7214.000,2848.461
7215.000,2927.585
7216.000,2769.337
7217.000,3006.709
7218.000,2848.461
7219.000,3006.709
7220.000,2848.461
7221.000,3006.709
7222.000,2848.461
7223.000,2927.585
7224.000,2769.337
7225.000,3006.709
7226.000,2848.461
7227.000,3006.709
7228.000,2848.461
7229.000,3006.709
7230.000,2848.461
7231.000,2927.585
7232.000,2769.337
7233.000,2927.585
7234.000,2848.461
7235.000,3006.709
7236.000,2848.461
7237.000,3006.709
7238.000,2848.461
7239.000,2927.585
7240.000,2769.337
7241.000,2927.585
7242.000,2848.461
7243.000,3006.709
7244.000,2848.461
7245.000,3006.709
7246.000,2848.461
7247.000,2927.585
7248.000,2769.337
7249.000,2927.585
7250.000,2848.461
7251.000,3006.709
7252.000,2848.461
7253.000,3006.709
7254.000,2848.461
7255.000,2927.585
7256.000,2769.337
7257.000,2927.585
7258.000,2769.337
7259.000,3006.709
7260.000,2848.461
7261.000,3006.709
7262.000,2848.461
7263.000,3006.709
7264.000,2769.337
7265.000,2927.585
7266.000,2769.337
7267.000,2927.585
7268.000,2848.461
7269.000,3006.709
7270.000,2848.461
7271.000,3006.709
7272.000,2848.461
7273.000,2927.585
7274.000,2769.337
7275.000,2927.585
7276.000,2848.461
7277.000,3006.709
7278.000,2848.461
7279.000,3006.709
7280.000,2848.461
7281.000,2927.585
7282.000,2769.337
7283.000,2927.585
7284.000,2848.461
7285.000,3006.709
7286.000,2848.461
7287.000,3006.709
7288.000,2848.461
7289.000,2927.585
7290.000,2769.337
7291.000,2927.585
7292.000,2848.461
7293.000,3006.709
7294.000,2848.461
7295.000,3006.709
7296.000,2848.461
7297.000,2927.585
7298.000,2769.337
7299.000,2927.585
7300.000,2848.461
7301.000,3006.709
7302.000,2848.461
7303.000,3006.709
7304.000,2848.461
7305.000,2927.585
7306.000,2769.337
7307.000,2927.585
7308.000,2848.461
7309.000,3006.709
7310.000,2848.461
7311.000,3006.709
7312.000,2848.461
7313.000,3006.709
7314.000,2769.337
7315.000,2927.585
7316.000,2769.337
7317.000,2927.585
7318.000,2848.461
7319.000,3006.709
7320.000,2848.461
7321.000,3006.709
7322.000,2848.461
7323.000,2927.585
7324.000,2769.337
7325.000,2927.585
7326.000,2848.461
7327.000,3006.709
7328.000,2848.461
7329.000,3006.709
7330.000,2848.461
7331.000,2927.585
7332.000,2769.337
7333.000,2927.585
7334.000,2848.461
7335.000,3006.709
7336.000,2848.461
7337.000,3006.709
7338.000,2848.461
7339.000,2927.585
7340.000,2769.337
7341.000,2927.585
7342.000,2848.461
7343.000,3006.709
7344.000,2848.461
7345.000,3006.709
7346.000,2848.461
7347.000,2927.585
7348.000,2769.337
7349.000,2927.585
7350.000,2848.461
7351.000,3006.709
7352.000,2848.461
7353.000,3006.709
7354.000,2848.461
7355.000,2927.585
7356.000,2769.337
7357.000,2927.585
7358.000,2848.461
7359.000,3006.709
7360.000,2848.461
7361.000,3006.709
7362.000,2848.461
7363.000,2927.585
7364.000,2769.337
7365.000,2927.585
7366.000,2848.461
7367.000,3006.709
7368.000,2848.461
7369.000,3006.709
7370.000,2848.461
7371.000,3006.709
7372.000,2769.337
7373.000,2927.585
7374.000,2769.337
7375.000,2927.585
7376.000,2848.461
7377.000,3006.709
7378.000,2848.461
7379.000,3006.709
7380.000,2848.461
7381.000,2927.585
7382.000,2769.337
7383.000,2927.585
7384.000,2848.461
7385.000,3006.709
7386.000,2848.461
7387.000,3006.709
7388.000,2848.461
7389.000,2927.585
7390.000,2769.337
7391.000,2927.585
7392.000,2848.461
7393.000,3006.709
7394.000,2848.461
7395.000,3006.709
7396.000,2848.461
7397.000,2927.585
7398.000,2769.337
7399.000,2927.585
7400.000,2848.461
7401.000,3006.709
7402.000,2848.461
7403.000,3006.709
7404.000,2848.461
7405.000,2927.585
7406.000,2769.337
7407.000,2927.585
7408.000,2848.461
7409.000,3006.709
7410.000,2848.461
7411.000,3006.709
7412.000,2848.461
7413.000,2927.585
7414.000,2769.337
7415.000,2927.585
7416.000,2848.461
7417.000,3006.709
7418.000,2848.461
7419.000,3006.709
7420.000,2848.461
7421.000,3006.709
7422.000,2769.337
7423.000,2927.585
7424.000,2769.337
7425.000,3006.709
7426.000,2848.461
7427.000,3006.709
7428.000,2848.461
7429.000,3006.709
7430.000,2769.337
7431.000,2927.585
7432.000,2769.337
7433.000,2927.585
7434.000,2848.461
7435.000,3006.709
7436.000,2848.461
7437.000,3006.709
7438.000,2848.461
7439.000,2927.585
7440.000,2769.337
7441.000,2927.585
7442.000,2848.461
7443.000,3006.709
7444.000,2848.461
7445.000,3006.709
7446.000,2848.461
7447.000,2927.585
7448.000,2769.337
7449.000,2927.585
7450.000,2848.461
7451.000,3006.709
7452.000,2848.461
7453.000,3006.709
7454.000,2848.461
7455.000,2927.585
7456.000,2769.337
7457.000,2927.585
7458.000,2848.461
7459.000,3006.709
7460.000,2848.461
7461.000,3006.709
7462.000,2848.461
7463.000,3006.709
7464.000,2769.337
7465.000,2927.585
7466.000,2769.337
7467.000,3006.709
7468.000,2848.461
7469.000,3006.709
7470.000,2848.461
7471.000,3006.709
7472.000,2769.337
7473.000,2927.585
7474.000,2769.337
7475.000,3006.709
7476.000,2848.461
7477.000,3006.709
7478.000,2848.461
7479.000,3006.709
7480.000,2848.461
7481.000,2927.585
7482.000,2769.337
7483.000,2927.585
7484.000,2848.461
7485.000,3006.709
7486.000,2848.461
7487.000,3006.709
7488.000,2848.461
7489.000,2927.585
7490.000,2769.337
7491.000,2927.585
7492.000,2848.461
7493.000,3006.709
7494.000,2848.461
7495.000,3006.709
7496.000,2848.461
7497.000,2927.585
7498.000,2769.337
7499.000,2927.585
7500.000,2848.461
7501.000,3006.709
7502.000,2848.461
7503.000,3006.709
7504.000,2848.461
7505.000,2927.585
7506.000,2769.337
7507.000,2927.585
7508.000,2848.461
7509.000,3006.709
7510.000,2848.461
7511.000,3006.709
7512.000,2848.461
7513.000,2927.585
7514.000,2769.337
7515.000,2927.585
7516.000,2769.337
7517.000,3006.709
7518.000,2848.461
7519.000,3006.709
7520.000,2848.461
7521.000,3006.709
7522.000,2769.337
7523.000,2927.585
7524.000,2769.337
7525.000,2927.585
7526.000,2848.461
7527.000,3006.709
7528.000,2848.461
7529.000,3006.709
7530.000,2848.461
7531.000,2927.585
7532.000,2769.337
7533.000,2927.585
7534.000,2848.461
7535.000,3006.709
7536.000,2848.461
7537.000,3006.709
7538.000,2848.461
7539.000,2927.585
7540.000,2769.337
7541.000,2927.585
7542.000,2848.461
7543.000,3006.709
7544.000,2848.461
7545.000,3006.709
7546.000,2848.461
7547.000,2927.585
7548.000,2769.337
7549.000,2927.585
7550.000,2848.461
7551.000,3006.709
7552.000,2848.461
7553.000,3006.709
7554.000,2848.461
7555.000,2927.585
7556.000,2769.337
7557.000,2927.585
7558.000,2769.337
7559.000,3006.709
7560.000,2848.461
7561.000,3006.709
7562.000,2848.461
7563.000,3006.709
7564.000,2769.337
7565.000,2927.585
7566.000,2769.337
7567.000,3006.709
7568.000,2848.461
7569.000,3006.709
7570.000,2848.461
7571.000,3006.709
7572.000,2848.461
7573.000,2927.585
7574.000,2769.337
7575.000,2927.585
7576.000,2848.461
7577.000,3006.709
7578.000,2848.461
7579.000,3006.709
7580.000,2848.461
7581.000,2927.585
7582.000,2769.337
7583.000,2927.585
7584.000,2848.461
7585.000,3006.709
7586.000,2848.461
7587.000,3006.709
7588.000,2848.461
7589.000,2927.585
7590.000,2769.337
7591.000,2927.585
7592.000,2848.461
7593.000,3006.709
7594.000,2848.461
7595.000,3006.709
7596.000,2848.461
7597.000,2927.585
7598.000,2769.337
7599.000,2927.585
7600.000,2848.461
7601.000,3006.709
7602.000,2848.461
7603.000,3006.709
7604.000,2848.461
7605.000,2927.585
7606.000,2769.337
7607.000,2927.585
7608.000,2848.461
7609.000,3006.709
7610.000,2848.461
7611.000,3006.709
7612.000,2848.461
7613.000,2927.585
7614.000,2769.337
7615.000,2927.585
7616.000,2848.461
7617.000,3006.709
7618.000,2848.461
7619.000,3006.709
7620.000,2848.461
7621.000,3006.709
7622.000,2769.337
7623.000,2927.585
7624.000,2769.337
7625.000,3006.709
7626.000,2848.461
7627.000,3006.709
7628.000,2848.461
7629.000,3006.709
7630.000,2769.337
7631.000,2927.585
7632.000,2769.337
7633.000,2927.585
7634.000,2848.461
7635.000,3006.709
7636.000,2848.461
7637.000,3006.709
7638.000,2848.461
7639.000,2927.585
7640.000,2769.337
7641.000,2927.585
7642.000,2848.461
7643.000,3006.709
7644.000,2848.461
7645.000,3006.709
7646.000,2848.461
7647.000,2927.585
7648.000,2769.337
7649.000,2927.585
7650.000,2848.461
7651.000,3006.709
7652.000,2848.461
7653.000,3006.709
7654.000,2848.461
7655.000,2927.585
7656.000,2769.337
7657.000,2927.585
7658.000,2848.461
7659.000,3006.709
7660.000,2848.461
7661.000,3006.709
7662.000,2848.461
7663.000,2927.585
7664.000,2769.337
7665.000,2927.585
7666.000,2848.461
7667.000,3006.709
7668.000,2848.461
7669.000,3006.709
7670.000,2848.461
7671.000,3006.709
7672.000,2769.337
7673.000,2927.585
7674.000,2769.337
7675.000,3006.709
7676.000,2848.461
7677.000,3006.709
7678.000,2848.461
7679.000,3006.709
7680.000,2848.461
7681.000,2927.585
7682.000,2769.337
7683.000,2927.585
7684.000,2848.461
7685.000,3006.709
7686.000,2848.461
7687.000,3006.709
7688.000,2848.461
7689.000,2927.585
7690.000,2769.337
7691.000,2927.585
7692.000,2848.461
7693.000,3006.709
7694.000,2848.461
7695.000,3006.709
7696.000,2848.461
7697.000,2927.585
7698.000,2769.337
7699.000,2927.585
7700.000,2848.461
7701.000,3006.709
7702.000,2848.461
7703.000,3006.709
7704.000,2848.461
7705.000,2927.585
7706.000,2769.337
7707.000,2927.585
7708.000,2848.461
7709.000,3006.709
7710.000,2848.461
7711.000,3006.709
7712.000,2848.461
7713.000,2927.585
7714.000,2769.337
7715.000,2927.585
7716.000,2848.461
7717.000,3006.709
7718.000,2848.461
7719.000,3006.709
7720.000,2848.461
7721.000,2927.585
7722.000,2769.337
7723.000,2927.585
7724.000,2769.337
7725.000,3006.709
7726.000,2848.461
7727.000,3006.709
7728.000,2848.461
7729.000,3006.709
7730.000,2769.337
7731.000,2927.585
7732.000,2769.337
7733.000,3006.709
7734.000,2848.461
7735.000,3006.709
7736.000,2848.461
7737.000,3006.709
7738.000,2848.461
7739.000,2927.585
7740.000,2769.337
7741.000,2927.585
7742.000,2848.461
7743.000,3006.709
7744.000,2848.461
7745.000,3006.709
7746.000,2848.461
7747.000,2927.585
7748.000,2769.337
7749.000,2927.585
7750.000,2848.461
7751.000,3006.709
7752.000,2848.461
7753.000,3006.709
7754.000,2848.461
7755.000,2927.585
7756.000,2769.337
7757.000,2927.585
7758.000,2848.461
7759.000,3006.709
7760.000,2848.461
7761.000,3006.709
7762.000,2848.461
7763.000,2927.585
7764.000,2769.337
7765.000,2927.585
7766.000,2769.337
7767.000,3006.709
7768.000,2848.461
7769.000,3006.709
7770.000,2848.461
7771.000,3006.709
7772.000,2848.461
7773.000,2927.585
7774.000,2769.337
7775.000,2927.585
7776.000,2848.461
7777.000,3006.709
7778.000,2848.461
7779.000,3006.709
7780.000,2848.461
7781.000,2927.585
7782.000,2769.337
7783.000,2927.585
7784.000,2848.461
7785.000,3006.709
7786.000,2848.461
7787.000,3006.709
7788.000,2848.461
7789.000,2927.585
7790.000,2769.337
7791.000,2927.585
7792.000,2848.461
7793.000,3006.709
7794.000,2848.461
7795.000,3006.709
7796.000,2848.461
7797.000,2927.585
7798.000,2769.337
7799.000,2927.585
7800.000,2848.461
7801.000,3006.709
7802.000,2848.461
7803.000,3006.709
7804.000,2848.461
7805.000,2927.585
7806.000,2769.337
7807.000,2927.585
7808.000,2848.461
7809.000,3006.709
7810.000,2848.461
7811.000,3006.709
7812.000,2848.461
7813.000,3006.709
7814.000,2769.337
7815.000,2927.585
7816.000,2769.337
7817.000,3006.709
7818.000,2848.461
7819.000,3006.709
7820.000,2848.461
7821.000,3006.709
7822.000,2848.461
7823.000,2927.585
7824.000,2769.337
7825.000,2927.585
7826.000,2848.461
7827.000,3006.709
7828.000,2848.461
7829.000,3006.709
7830.000,2848.461
7831.000,2927.585
7832.000,2769.337
7833.000,2927.585
7834.000,2848.461
7835.000,3006.709
7836.000,2848.461
7837.000,3006.709
7838.000,2848.461
7839.000,2927.585
7840.000,2848.461
7841.000,2927.585
7842.000,2848.461
7843.000,3006.709
7844.000,2848.461
7845.000,3006.709
7846.000,2848.461
7847.000,2927.585
7848.000,2769.337
7849.000,2927.585
7850.000,2848.461
7851.000,3006.709
7852.000,2848.461
7853.000,3006.709
7854.000,2848.461
7855.000,2927.585
7856.000,2769.337
7857.000,2927.585
7858.000,2848.461
7859.000,3006.709
7860.000,2848.461
7861.000,3006.709
7862.000,2848.461
7863.000,2927.585
7864.000,2769.337
7865.000,2927.585
7866.000,2769.337
7867.000,3006.709
7868.000,2848.461
7869.000,3006.709
7870.000,2848.461
7871.000,3006.709
7872.000,2769.337
7873.000,2927.585
7874.000,2769.337
7875.000,3006.709
7876.000,2848.461
7877.000,3006.709
7878.000,2848.461
7879.000,3006.709
7880.000,2848.461
7881.000,2927.585
7882.000,2769.337
7883.000,2927.585
7884.000,2848.461
7885.000,3006.709
7886.000,2848.461
7887.000,3006.709
7888.000,2848.461
7889.000,2927.585
7890.000,2769.337
7891.000,2927.585
7892.000,2848.461
7893.000,3006.709
7894.000,2848.461
7895.000,3006.709
7896.000,2848.461
7897.000,2927.585
7898.000,2769.337
7899.000,2927.585
7900.000,2848.461
7901.000,3006.709
7902.000,2848.461
7903.000,3006.709
7904.000,2848.461
7905.000,2927.585
7906.000,2769.337
7907.000,2927.585
7908.000,2848.461
7909.000,3006.709
7910.000,2848.461
7911.000,3006.709
7912.000,2848.461
7913.000,2927.585
7914.000,2769.337
7915.000,2927.585
7916.000,2769.337
7917.000,3006.709
7918.000,2848.461
7919.000,3006.709
7920.000,2848.461
7921.000,3006.709
7922.000,2769.337
7923.000,2927.585
7924.000,2769.337
7925.000,2927.585
7926.000,2848.461
7927.000,3006.709
7928.000,2848.461
7929.000,3006.709
7930.000,2848.461
7931.000,2927.585
7932.000,2769.337
7933.000,2927.585
7934.000,2848.461
7935.000,3006.709
7936.000,2848.461
7937.000,3006.709
7938.000,2848.461
7939.000,2927.585
7940.000,2769.337
7941.000,2927.585
7942.000,2848.461
7943.000,3006.709
7944.000,2848.461
7945.000,3006.709
7946.000,2848.461
7947.000,2927.585
7948.000,2769.337
7949.000,2927.585
7950.000,2848.461
7951.000,3006.709
7952.000,2848.461
7953.000,3006.709
7954.000,2848.461
7955.000,2927.585
7956.000,2769.337
7957.000,2927.585
7958.000,2848.461
7959.000,3006.709
7960.000,2848.461
7961.000,3006.709
7962.000,2848.461
7963.000,2927.585
7964.000,2769.337
7965.000,2927.585
7966.000,2848.461
7967.000,3006.709
7968.000,2848.461
7969.000,3006.709
7970.000,2848.461
7971.000,2927.585
7972.000,2769.337
7973.000,2927.585
7974.000,2769.337
7975.000,3006.709
7976.000,2848.461
7977.000,3006.709
7978.000,2848.461
7979.000,3006.709
7980.000,2769.337
7981.000,2927.585
7982.000,2769.337
7983.000,2927.585
7984.000,2848.461
7985.000,3006.709
7986.000,2848.461
7987.000,3006.709
7988.000,2848.461
7989.000,2927.585
7990.000,2769.337
7991.000,2927.585
7992.000,2848.461
7993.000,3006.709
7994.000,2848.461
7995.000,3006.709
7996.000,2848.461
7997.000,2927.585
7998.000,2769.337
7999.000,2927.585
8000.000,2848.461
8001.000,3006.709
8002.000,2848.461
8003.000,3006.709
8004.000,2848.461
8005.000,2927.585
8006.000,2769.337
8007.000,2927.585
8008.000,2769.337
8009.000,3006.709
8010.000,2848.461
8011.000,3006.709
8012.000,2848.461
8013.000,3006.709
8014.000,2848.461
8015.000,2927.585
8016.000,2769.337
8017.000,2927.585
8018.000,2848.461
8019.000,3006.709
8020.000,2848.461
8021.000,3006.709
8022.000,2848.461
8023.000,2927.585
8024.000,2769.337
8025.000,2927.585
8026.000,2848.461
8027.000,3006.709
8028.000,2848.461
8029.000,3006.709
8030.000,2848.461
8031.000,2927.585
8032.000,2769.337
8033.000,2927.585
8034.000,2848.461
8035.000,3006.709
8036.000,2848.461
8037.000,3006.709
8038.000,2848.461
8039.000,2927.585
8040.000,2769.337
8041.000,2927.585
8042.000,2848.461
8043.000,3006.709
8044.000,2848.461
8045.000,3006.709
8046.000,2848.461
8047.000,2927.585
8048.000,2769.337
8049.000,2927.585
8050.000,2848.461
8051.000,3006.709
8052.000,2848.461
8053.000,3006.709
8054.000,2848.461
8055.000,3006.709
8056.000,2769.337
8057.000,2927.585
8058.000,2769.337
8059.000,3006.709
8060.000,2848.461
8061.000,3006.709
8062.000,2848.461
8063.000,3006.709
8064.000,2848.461
8065.000,2927.585
8066.000,2769.337
8067.000,2927.585
8068.000,2848.461
8069.000,3006.709
8070.000,2848.461
8071.000,3006.709
8072.000,2848.461
8073.000,2927.585
8074.000,2769.337
8075.000,2927.585
8076.000,2848.461
8077.000,3006.709
8078.000,2848.461
8079.000,3006.709
8080.000,2848.461
8081.000,2927.585
8082.000,2769.337
8083.000,2927.585
8084.000,2848.461
8085.000,3006.709
8086.000,2848.461
8087.000,3006.709
8088.000,2848.461
8089.000,2927.585
8090.000,2769.337
8091.000,2927.585
8092.000,2848.461
8093.000,3006.709
8094.000,2848.461
8095.000,3006.709
8096.000,2848.461
8097.000,2927.585
8098.000,2769.337
8099.000,2927.585
8100.000,2848.461
8101.000,3006.709
8102.000,2848.461
8103.000,3006.709
8104.000,2848.461
8105.000,2927.585
8106.000,2769.337
8107.000,2927.585
8108.000,2769.337
8109.000,3006.709
8110.000,2848.461
8111.000,3006.709
8112.000,2848.461
8113.000,3006.709
8114.000,2769.337
8115.000,2927.585
8116.000,2769.337
8117.000,2927.585
8118.000,2848.461
8119.000,3006.709
8120.000,2848.461
8121.000,3006.709
8122.000,2848.461
8123.000,2927.585
8124.000,2769.337
8125.000,2927.585
8126.000,2848.461
8127.000,3006.709
8128.000,2848.461
8129.000,3006.709
8130.000,2848.461
8131.000,2927.585
8132.000,2769.337
8133.000,2927.585
8134.000,2848.461
8135.000,3006.709
8136.000,2848.461
8137.000,3006.709
8138.000,2848.461
8139.000,2927.585
8140.000,2769.337
8141.000,2927.585
8142.000,2848.461
8143.000,3006.709
8144.000,2848.461
8145.000,3006.709
8146.000,2848.461
8147.000,2927.585
8148.000,2769.337
8149.000,2927.585
8150.000,2848.461
8151.000,3006.709
8152.000,2848.461
8153.000,3006.709
8154.000,2848.461
8155.000,2927.585
8156.000,2769.337
8157.000,2927.585
8158.000,2848.461
8159.000,3006.709
8160.000,2848.461
8161.000,3006.709
8162.000,2848.461
8163.000,3006.709
8164.000,2769.337
8165.000,2927.585
8166.000,2769.337
8167.000,3006.709
8168.000,2848.461
8169.000,3006.709
8170.000,2848.461
8171.000,3006.709
8172.000,2848.461
8173.000,2927.585
8174.000,2769.337
8175.000,2927.585
8176.000,2848.461
8177.000,3006.709
8178.000,2848.461
8179.000,3006.709
8180.000,2848.461
8181.000,2927.585
8182.000,2769.337
8183.000,2927.585
8184.000,2848.461
8185.000,3006.709
8186.000,2848.461
8187.000,3006.709
8188.000,2848.461
8189.000,2927.585
8190.000,2769.337
8191.000,2927.585
8192.000,2848.461
8193.000,3006.709
8194.000,2848.461
8195.000,3006.709
8196.000,2848.461
8197.000,2927.585
8198.000,2769.337
8199.000,2927.585
8200.000,2848.461
8201.000,3006.709
8202.000,2848.461
8203.000,3006.709
8204.000,2848.461
8205.000,3006.709
8206.000,2769.337
8207.000,2927.585
8208.000,2848.461
8209.000,3006.709
8210.000,2848.461
8211.000,3006.709
8212.000,2848.461
8213.000,2927.585
8214.000,2769.337
8215.000,2927.585
8216.000,2769.337
8217.000,3006.709
8218.000,2848.461
8219.000,3006.709
8220.000,2848.461
8221.000,3006.709
8222.000,2769.337
8223.000,2927.585
8224.000,2769.337
8225.000,2927.585
8226.000,2848.461
8227.000,3006.709
8228.000,2848.461
8229.000,3006.709
8230.000,2848.461
8231.000,2927.585
8232.000,2769.337
8233.000,2927.585
8234.000,2848.461
8235.000,3006.709
8236.000,2848.461
8237.000,3006.709
8238.000,2848.461
8239.000,2927.585
8240.000,2769.337
8241.000,2927.585
8242.000,2848.461
8243.000,3006.709
8244.000,2848.461
8245.000,3006.709
8246.000,2848.461
8247.000,2927.585
8248.000,2769.337
8249.000,2927.585
8250.000,2769.337
8251.000,3006.709
8252.000,2848.461
8253.000,3006.709
8254.000,2848.461
8255.000,3006.709
8256.000,2848.461
8257.000,2927.585
8258.000,2769.337
8259.000,3006.709
8260.000,2848.461
8261.000,3006.709
8262.000,2848.461
8263.000,3006.709
8264.000,2769.337
8265.000,2927.585
8266.000,2769.337
8267.000,3006.709
8268.000,2848.461
8269.000,3006.709
8270.000,2848.461
8271.000,3006.709
8272.000,2848.461
8273.000,2927.585
8274.000,2769.337
8275.000,2927.585
8276.000,2848.461
8277.000,3006.709
8278.000,2848.461
8279.000,3006.709
8280.000,2848.461
8281.000,2927.585
8282.000,2769.337
8283.000,2927.585
8284.000,2848.461
8285.000,3006.709
8286.000,2848.461
8287.000,3006.709
8288.000,2848.461
8289.000,2927.585
8290.000,2769.337
8291.000,2927.585
8292.000,2848.461
8293.000,3006.709
8294.000,2848.461
8295.000,3006.709
8296.000,2848.461
8297.000,2927.585
8298.000,2769.337
8299.000,2927.585
8300.000,2769.337
8301.000,3006.709
8302.000,2848.461
8303.000,3006.709
8304.000,2848.461
8305.000,2927.585
8306.000,2769.337
8307.000,2927.585
8308.000,2769.337
8309.000,3006.709
8310.000,2848.461
8311.000,3006.709
8312.000,2848.461
8313.000,3006.709
8314.000,2769.337
8315.000,2927.585
8316.000,2769.337
8317.000,3006.709
8318.000,2848.461
8319.000,3006.709
8320.000,2848.461
8321.000,3006.709
8322.000,2769.337
8323.000,2927.585
8324.000,2769.337
8325.000,2927.585
8326.000,2848.461
8327.000,3006.709
8328.000,2848.461
8329.000,3006.709
8330.000,2848.461
8331.000,2927.585
8332.000,2769.337
8333.000,2927.585
8334.000,2848.461
8335.000,3006.709
8336.000,2848.461
8337.000,3006.709
8338.000,2848.461
8339.000,2927.585
8340.000,2769.337
8341.000,2927.585
8342.000,2848.461
8343.000,3006.709
8344.000,2848.461
8345.000,3006.709
8346.000,2848.461
8347.000,2927.585
8348.000,2769.337
8349.000,2927.585
8350.000,2769.337
8351.000,3006.709
8352.000,2848.461
8353.000,3006.709
8354.000,2848.461
8355.000,3006.709
8356.000,2769.337
8357.000,2927.585
8358.000,2769.337
8359.000,2927.585
8360.000,2848.461
8361.000,3006.709
8362.000,2848.461
8363.000,3006.709
8364.000,2769.337
8365.000,2927.585
8366.000,2769.337
8367.000,2927.585
8368.000,2848.461
8369.000,3006.709
8370.000,2848.461
8371.000,3006.709
8372.000,2848.461
8373.000,2927.585
8374.000,2769.337
8375.000,2927.585
8376.000,2848.461
8377.000,3006.709
8378.000,2848.461
8379.000,3006.709
8380.000,2848.461
8381.000,2927.585
8382.000,2769.337
8383.000,2927.585
8384.000,2848.461
8385.000,3006.709
8386.000,2848.461
8387.000,3006.709
8388.000,2848.461
8389.000,2927.585
8390.000,2769.337
8391.000,2927.585
8392.000,2848.461
8393.000,3006.709
8394.000,2848.461
8395.000,3006.709
8396.000,2848.461
8397.000,2927.585
8398.000,2769.337
8399.000,2927.585
8400.000,2769.337
8401.000,3006.709
8402.000,2848.461
8403.000,3006.709
8404.000,2848.461
8405.000,3006.709
8406.000,2769.337
8407.000,2927.585
8408.000,2769.337
8409.000,3006.709
8410.000,2848.461
8411.000,3006.709
8412.000,2848.461
8413.000,3006.709
8414.000,2769.337
8415.000,2927.585
8416.000,2769.337
8417.000,2927.585
8418.000,2848.461
8419.000,3006.709
8420.000,2848.461
8421.000,3006.709
8422.000,2848.461
8423.000,2927.585
8424.000,2769.337
8425.000,2927.585
8426.000,2848.461
8427.000,3006.709
8428.000,2848.461
8429.000,3006.709
8430.000,2848.461
8431.000,2927.585
8432.000,2769.337
8433.000,2927.585
8434.000,2848.461
8435.000,3006.709
8436.000,2848.461
8437.000,3006.709
8438.000,2848.461
8439.000,2927.585
8440.000,2769.337
8441.000,2927.585
8442.000,2848.461
8443.000,3006.709
8444.000,2848.461
8445.000,3006.709
8446.000,2848.461
8447.000,2927.585
8448.000,2769.337
8449.000,2927.585
8450.000,2769.337
8451.000,3006.709
8452.000,2848.461
8453.000,3006.709
8454.000,2848.461
8455.000,3006.709
8456.000,2769.337
8457.000,2927.585
8458.000,2769.337
8459.000,3006.709
8460.000,2848.461
8461.000,3006.709
8462.000,2848.461
8463.000,3006.709
8464.000,2769.337
8465.000,2927.585
8466.000,2769.337
8467.000,2927.585
8468.000,2848.461
8469.000,3006.709
8470.000,2848.461
8471.000,3006.709
8472.000,2848.461
8473.000,2927.585
8474.000,2769.337
8475.000,2927.585
8476.000,2848.461
8477.000,3006.709
8478.000,2848.461
8479.000,3006.709
8480.000,2848.461
8481.000,2927.585
8482.000,2769.337
8483.000,2927.585
8484.000,2848.461
8485.000,3006.709
8486.000,2848.461
8487.000,3006.709
8488.000,2848.461
8489.000,2927.585
8490.000,2769.337
8491.000,2927.585
8492.000,2769.337
8493.000,3006.709
8494.000,2848.461
8495.000,3006.709
8496.000,2848.461
8497.000,2927.585
8498.000,2769.337
8499.000,2927.585
8500.000,2769.337
8501.000,3006.709
8502.000,2848.461
8503.000,3006.709
8504.000,2848.461
8505.000,3006.709
8506.000,2769.337
8507.000,2927.585
8508.000,2769.337
8509.000,3006.709
8510.000,2848.461
8511.000,3006.709
8512.000,2848.461
8513.000,3006.709
8514.000,2769.337
8515.000,2927.585
8516.000,2769.337
8517.000,3006.709
8518.000,2848.461
8519.000,3006.709
8520.000,2848.461
8521.000,3006.709
8522.000,2769.337
8523.000,2927.585
8524.000,2769.337
8525.000,2927.585
8526.000,2848.461
8527.000,3006.709
8528.000,2848.461
8529.000,3006.709
8530.000,2769.337
8531.000,2927.585
8532.000,2769.337
8533.000,2927.585
8534.000,2848.461
8535.000,3006.709
8536.000,2848.461
8537.000,3006.709
8538.000,2848.461
8539.000,2927.585
8540.000,2769.337
8541.000,2927.585
8542.000,2848.461
8543.000,3006.709
8544.000,2848.461
8545.000,3006.709
8546.000,2848.461
8547.000,2927.585
8548.000,2769.337
8549.000,2927.585
8550.000,2769.337
8551.000,3006.709
8552.000,2848.461
8553.000,3006.709
8554.000,2848.461
8555.000,3006.709
8556.000,2769.337
8557.000,2927.585
8558.000,2769.337
8559.000,3006.709
8560.000,2848.461
8561.000,3006.709
8562.000,2848.461
8563.000,3006.709
8564.000,2769.337
8565.000,2927.585
8566.000,2769.337
8567.000,3006.709
8568.000,2848.461
8569.000,3006.709
8570.000,2848.461
8571.000,3006.709
8572.000,2769.337
8573.000,2927.585
8574.000,2769.337
8575.000,2927.585
8576.000,2848.461
8577.000,3006.709
8578.000,2848.461
8579.000,3006.709
8580.000,2848.461
8581.000,2927.585
8582.000,2769.337
8583.000,2927.585
8584.000,2848.461
8585.000,3006.709
8586.000,2848.461
8587.000,3006.709
8588.000,2848.461
8589.000,2927.585
8590.000,2769.337
8591.000,2927.585
8592.000,2848.461
8593.000,3006.709
8594.000,2848.461
8595.000,3006.709
8596.000,2848.461
8597.000,2927.585
8598.000,2769.337
8599.000,2927.585
8600.000,2769.337
8601.000,3006.709
8602.000,2848.461
8603.000,3006.709
8604.000,2848.461
8605.000,3006.709
8606.000,2769.337
8607.000,2927.585
8608.000,2769.337
8609.000,2927.585
8610.000,2848.461
8611.000,3006.709
8612.000,2848.461
8613.000,3006.709
8614.000,2769.337
8615.000,2927.585
8616.000,2769.337
8617.000,2927.585
8618.000,2848.461
8619.000,3006.709
8620.000,2848.461
8621.000,3006.709
8622.000,2848.461
8623.000,2927.585
8624.000,2769.337
8625.000,2927.585
8626.000,2848.461
8627.000,3006.709
8628.000,2848.461
8629.000,3006.709
8630.000,2848.461
8631.000,2927.585
8632.000,2769.337
8633.000,2927.585
8634.000,2848.461
8635.000,3006.709
8636.000,2848.461
8637.000,3006.709
8638.000,2848.461
8639.000,2927.585
8640.000,2769.337
8641.000,2927.585
8642.000,2848.461
8643.000,3006.709
8644.000,2848.461
8645.000,3006.709
8646.000,2848.461
8647.000,2927.585
8648.000,2769.337
8649.000,2927.585
8650.000,2848.461
8651.000,3006.709
8652.000,2848.461
8653.000,3006.709
8654.000,2848.461
8655.000,2927.585
8656.000,2769.337
8657.000,2927.585
8658.000,2769.337
8659.000,3006.709
8660.000,2848.461
8661.000,3006.709
8662.000,2848.461
8663.000,3006.709
8664.000,2769.337
8665.000,2927.585
8666.000,2769.337
8667.000,3006.709
8668.000,2848.461
8669.000,3006.709
8670.000,2848.461
8671.000,3006.709
8672.000,2769.337
8673.000,2927.585
8674.000,2769.337
8675.000,2927.585
8676.000,2848.461
8677.000,3006.709
8678.000,2848.461
8679.000,3006.709
8680.000,2848.461
8681.000,2927.585
8682.000,2769.337
8683.000,2927.585
8684.000,2848.461
8685.000,3006.709
8686.000,2848.461
8687.000,3006.709
8688.000,2848.461
8689.000,2927.585
8690.000,2769.337
8691.000,2927.585
8692.000,2848.461
8693.000,3006.709
8694.000,2848.461
8695.000,3006.709
8696.000,2848.461
8697.000,2927.585
8698.000,2769.337
8699.000,2927.585
8700.000,2769.337
8701.000,3006.709
8702.000,2848.461
8703.000,3006.709
8704.000,2848.461
8705.000,3006.709
8706.000,2769.337
8707.000,2927.585
8708.000,2769.337
8709.000,3006.709
8710.000,2848.461
8711.000,3006.709
8712.000,2848.461
8713.000,3006.709
8714.000,2769.337
8715.000,2927.585
8716.000,2769.337
8717.000,3006.709
8718.000,2848.461
8719.000,3006.709
8720.000,2848.461
8721.000,3006.709
8722.000,2769.337
8723.000,2927.585
8724.000,2769.337
8725.000,2927.585
8726.000,2848.461
8727.000,3006.709
8728.000,2848.461
8729.000,3006.709
8730.000,2848.461
8731.000,2927.585
8732.000,2769.337
8733.000,2927.585
8734.000,2848.461
8735.000,3006.709
8736.000,2848.461
8737.000,3006.709
8738.000,2848.461
8739.000,2927.585
8740.000,2769.337
8741.000,2927.585
8742.000,2769.337
8743.000,3006.709
8744.000,2848.461
8745.000,3006.709
8746.000,2848.461
8747.000,2927.585
8748.000,2769.337
8749.000,2927.585
8750.000,2848.461
8751.000,3006.709
8752.000,2848.461
8753.000,3006.709
8754.000,2848.461
8755.000,3006.709
8756.000,2769.337
8757.000,2927.585
8758.000,2769.337
8759.000,3006.709
8760.000,2848.461
8761.000,3006.709
8762.000,2848.461
8763.000,3006.709
8764.000,2769.337
8765.000,2927.585
8766.000,2769.337
8767.000,3006.709
8768.000,2848.461
8769.000,3006.709
8770.000,2848.461
8771.000,3006.709
8772.000,2769.337
8773.000,2927.585
8774.000,2769.337
8775.000,3006.709
8776.000,2848.461
8777.000,3006.709
8778.000,2848.461
8779.000,3006.709
8780.000,2769.337
8781.000,2927.585
8782.000,2769.337
8783.000,2927.585
8784.000,2848.461
8785.000,3006.709
8786.000,2848.461
8787.000,3006.709
8788.000,2848.461
8789.000,2927.585
8790.000,2769.337
8791.000,2927.585
8792.000,2848.461
8793.000,3006.709
8794.000,2848.461
8795.000,3006.709
8796.000,2848.461
8797.000,2927.585
8798.000,2769.337
8799.000,2927.585
8800.000,2848.461
8801.000,3006.709
8802.000,2848.461
8803.000,3006.709
8804.000,2848.461
8805.000,2927.585
8806.000,2769.337
8807.000,2927.585
8808.000,2769.337
8809.000,3006.709
8810.000,2848.461
8811.000,3006.709
8812.000,2848.461
8813.000,3006.709
8814.000,2769.337
8815.000,2927.585
8816.000,2769.337
8817.000,3006.709
8818.000,2848.461
8819.000,3006.709
8820.000,2848.461
8821.000,3006.709
8822.000,2769.337
8823.000,2927.585
8824.000,2769.337
8825.000,3006.709
8826.000,2848.461
8827.000,3006.709
8828.000,2848.461
8829.000,3006.709
8830.000,2848.461
8831.000,2927.585
8832.000,2769.337
8833.000,2927.585
8834.000,2848.461
8835.000,3006.709
8836.000,2848.461
8837.000,3006.709
8838.000,2848.461
8839.000,2927.585
8840.000,2769.337
8841.000,2927.585
8842.000,2848.461
8843.000,3006.709
8844.000,2848.461
8845.000,3006.709
8846.000,2848.461
8847.000,2927.585
8848.000,2769.337
8849.000,2927.585
8850.000,2769.337
8851.000,3006.709
8852.000,2848.461
8853.000,3006.709
8854.000,2848.461
8855.000,3006.709
8856.000,2769.337
8857.000,2927.585
8858.000,2769.337
8859.000,3006.709
8860.000,2848.461
8861.000,3006.709
8862.000,2848.461
8863.000,3006.709
8864.000,2769.337
8865.000,2927.585
8866.000,2769.337
8867.000,3006.709
8868.000,2848.461
8869.000,3006.709
8870.000,2848.461
8871.000,3006.709
8872.000,2848.461
8873.000,2927.585
8874.000,2769.337
8875.000,3006.709
8876.000,2848.461
8877.000,3006.709
8878.000,2848.461
8879.000,3006.709
8880.000,2769.337
8881.000,2927.585
8882.000,2769.337
8883.000,2927.585
8884.000,2848.461
8885.000,3006.709
8886.000,2848.461
8887.000,3006.709
8888.000,2769.337
8889.000,2927.585
8890.000,2769.337
8891.000,2927.585
8892.000,2848.461
8893.000,3006.709
8894.000,2848.461
8895.000,3006.709
8896.000,2848.461
8897.000,2927.585
8898.000,2769.337
8899.000,2927.585
8900.000,2848.461
8901.000,3006.709
8902.000,2848.461
8903.000,3006.709
8904.000,2848.461
8905.000,2927.585
8906.000,2769.337
8907.000,2927.585
8908.000,2769.337
8909.000,3006.709
8910.000,2848.461
8911.000,3006.709
8912.000,2848.461
8913.000,3006.709
8914.000,2769.337
8915.000,2927.585
8916.000,2769.337
8917.000,2927.585
8918.000,2848.461
8919.000,3006.709
8920.000,2848.461
8921.000,3006.709
8922.000,2848.461
8923.000,2927.585
8924.000,2769.337
8925.000,2927.585
8926.000,2848.461
8927.000,3006.709
8928.000,2848.461
8929.000,3006.709
8930.000,2848.461
8931.000,2927.585
8932.000,2769.337
8933.000,2927.585
8934.000,2848.461
8935.000,3006.709
8936.000,2848.461
8937.000,3006.709
8938.000,2848.461
8939.000,2927.585
8940.000,2769.337
8941.000,2927.585
8942.000,2848.461
8943.000,3006.709
8944.000,2848.461
8945.000,3006.709
8946.000,2848.461
8947.000,2927.585
8948.000,2769.337
8949.000,2927.585
8950.000,2848.461
8951.000,3006.709
8952.000,2848.461
8953.000,3006.709
8954.000,2848.461
8955.000,2927.585
8956.000,2769.337
8957.000,2927.585
8958.000,2769.337
8959.000,3006.709
8960.000,2848.461
8961.000,3006.709
8962.000,2848.461
8963.000,3006.709
8964.000,2769.337
8965.000,2927.585
8966.000,2769.337
8967.000,2927.585
8968.000,2848.461
8969.000,3006.709
8970.000,2848.461
8971.000,3006.709
8972.000,2848.461
8973.000,2927.585
8974.000,2769.337
8975.000,2927.585
8976.000,2848.461
8977.000,3006.709
8978.000,2848.461
8979.000,3006.709
8980.000,2848.461
8981.000,2927.585
8982.000,2769.337
8983.000,2927.585
8984.000,2848.461
8985.000,3006.709
8986.000,2848.461
8987.000,3006.709
8988.000,2848.461
8989.000,2927.585
8990.000,2769.337
8991.000,2927.585
8992.000,2848.461
8993.000,3006.709
8994.000,2848.461
8995.000,3006.709
8996.000,2848.461
8997.000,2927.585
8998.000,2769.337
8999.000,2927.585
9000.000,2848.461
9001.000,3006.709
9002.000,2848.461
9003.000,3006.709
9004.000,2848.461
9005.000,2927.585
9006.000,2769.337
9007.000,2927.585
9008.000,2848.461
9009.000,3006.709
9010.000,2848.461
9011.000,3006.709
9012.000,2848.461
9013.000,3006.709
9014.000,2769.337
9015.000,2927.585
9016.000,2769.337
9017.000,3006.709
9018.000,2848.461
9019.000,3006.709
9020.000,2848.461
9021.000,3006.709
9022.000,2769.337
9023.000,2927.585
9024.000,2769.337
9025.000,3006.709
9026.000,2848.461
9027.000,3006.709
9028.000,2848.461
9029.000,3006.709
9030.000,2848.461
9031.000,2927.585
9032.000,2769.337
9033.000,2927.585
9034.000,2848.461
9035.000,3006.709
9036.000,2848.461
9037.000,3006.709
9038.000,2848.461
9039.000,2927.585
9040.000,2769.337
9041.000,2927.585
9042.000,2848.461
9043.000,3006.709
9044.000,2848.461
9045.000,3006.709
9046.000,2848.461
9047.000,2927.585
9048.000,2769.337
9049.000,2927.585
9050.000,2769.337
9051.000,3006.709
9052.000,2848.461
9053.000,3006.709
9054.000,2848.461
9055.000,3006.709
9056.000,2769.337
9057.000,2927.585
9058.000,2769.337
9059.000,3006.709
9060.000,2848.461
9061.000,3006.709
9062.000,2848.461
9063.000,3006.709
9064.000,2769.337
9065.000,2927.585
9066.000,2769.337
9067.000,3006.709
9068.000,2848.461
9069.000,3006.709
9070.000,2848.461
9071.000,3006.709
9072.000,2769.337
9073.000,2927.585
9074.000,2769.337
9075.000,3006.709
9076.000,2848.461
9077.000,3006.709
9078.000,2848.461
9079.000,3006.709
9080.000,2848.461
9081.000,2927.585
9082.000,2769.337
9083.000,2927.585
9084.000,2848.461
9085.000,3006.709
9086.000,2848.461
9087.000,3006.709
9088.000,2848.461
9089.000,2927.585
9090.000,2769.337
9091.000,2927.585
9092.000,2848.461
9093.000,3006.709
9094.000,2848.461
9095.000,3006.709
9096.000,2848.461
9097.000,2927.585
9098.000,2769.337
9099.000,2927.585
9100.000,2769.337
9101.000,3006.709
9102.000,2848.461
9103.000,3006.709
9104.000,2848.461
9105.000,3006.709
9106.000,2769.337
9107.000,2927.585
9108.000,2769.337
9109.000,3006.709
9110.000,2848.461
9111.000,3006.709
9112.000,2848.461
9113.000,3006.709
9114.000,2769.337
9115.000,2927.585
9116.000,2769.337
9117.000,3006.709
9118.000,2848.461
9119.000,3006.709
9120.000,2848.461
9121.000,3006.709
9122.000,2769.337
9123.000,2927.585
9124.000,2769.337
9125.000,3006.709
9126.000,2848.461
9127.000,3006.709
9128.000,2848.461
9129.000,3006.709
9130.000,2848.461
9131.000,2927.585
9132.000,2769.337
9133.000,3006.709
9134.000,2848.461
9135.000,3006.709
9136.000,2848.461
9137.000,3006.709
9138.000,2848.461
9139.000,2927.585
9140.000,2769.337
9141.000,2927.585
9142.000,2848.461
9143.000,3006.709
9144.000,2848.461
9145.000,3006.709
9146.000,2848.461
9147.000,2927.585
9148.000,2769.337
9149.000,2927.585
9150.000,2769.337
9151.000,3006.709
9152.000,2848.461
9153.000,3006.709
9154.000,2848.461
9155.000,3006.709
9156.000,2769.337
9157.000,2927.585
9158.000,2769.337
9159.000,3006.709
9160.000,2848.461
9161.000,3006.709
9162.000,2848.461
9163.000,3006.709
9164.000,2769.337
9165.000,2927.585
9166.000,2769.337
9167.000,3006.709
9168.000,2848.461
9169.000,3006.709
9170.000,2848.461
9171.000,3006.709
9172.000,2848.461
9173.000,2927.585
9174.000,2769.337
9175.000,2927.585
9176.000,2848.461
9177.000,3006.709
9178.000,2848.461
9179.000,3006.709
9180.000,2848.461
9181.000,2927.585
9182.000,2769.337
9183.000,2927.585
9184.000,2848.461
9185.000,3006.709
9186.000,2848.461
9187.000,3006.709
9188.000,2848.461
9189.000,2927.585
9190.000,2769.337
9191.000,2927.585
9192.000,2769.337
9193.000,3006.709
9194.000,2848.461
9195.000,3006.709
9196.000,2848.461
9197.000,3006.709
9198.000,2769.337
9199.000,2927.585
9200.000,2769.337
9201.000,3006.709
9202.000,2848.461
9203.000,3006.709
9204.000,2848.461
9205.000,3006.709
9206.000,2769.337
9207.000,2927.585
9208.000,2769.337
9209.000,3006.709
9210.000,2848.461
9211.000,3006.709
9212.000,2848.461
9213.000,3006.709
9214.000,2769.337
9215.000,2927.585
9216.000,2769.337
9217.000,3006.709
9218.000,2848.461
9219.000,3006.709
9220.000,2848.461
9221.000,3006.709
9222.000,2848.461
9223.000,2927.585
9224.000,2769.337
9225.000,3006.709
9226.000,2848.461
9227.000,3006.709
9228.000,2848.461
9229.000,3006.709
9230.000,2848.461
9231.000,2927.585
9232.000,2769.337
9233.000,2927.585
9234.000,2848.461
9235.000,3006.709
9236.000,2848.461
9237.000,3006.709
9238.000,2848.461
9239.000,2927.585
9240.000,2769.337
9241.000,2927.585
9242.000,2848.461
9243.000,3006.709
9244.000,2848.461
9245.000,3006.709
9246.000,2848.461
9247.000,2927.585
9248.000,2769.337
9249.000,2927.585
9250.000,2848.461
9251.000,3006.709
9252.000,2848.461
9253.000,3006.709
9254.000,2848.461
9255.000,3006.709
9256.000,2769.337
9257.000,2927.585
9258.000,2769.337
9259.000,3006.709
9260.000,2848.461
9261.000,3006.709
9262.000,2848.461
9263.000,3006.709
9264.000,2769.337
9265.000,2927.585
9266.000,2769.337
9267.000,2927.585
9268.000,2848.461
9269.000,3006.709
9270.000,2848.461
9271.000,3006.709
9272.000,2848.461
9273.000,2927.585
9274.000,2769.337
9275.000,2927.585
9276.000,2848.461
9277.000,3006.709
9278.000,2848.461
9279.000,3006.709
9280.000,2848.461
9281.000,2927.585
9282.000,2769.337
9283.000,2927.585
9284.000,2848.461
9285.000,3006.709
9286.000,2848.461
9287.000,3006.709
9288.000,2848.461
9289.000,3006.709
9290.000,2769.337
9291.000,2927.585
9292.000,2848.461
9293.000,3006.709
9294.000,2848.461
9295.000,3006.709
9296.000,2848.461
9297.000,3006.709
9298.000,2769.337
9299.000,2927.585
9300.000,2848.461
9301.000,3006.709
9302.000,2848.461
9303.000,3006.709
9304.000,2848.461
9305.000,3006.709
9306.000,2769.337
9307.000,2927.585
9308.000,2769.337
9309.000,3006.709
9310.000,2848.461
9311.000,3006.709
9312.000,2848.461
9313.000,3006.709
9314.000,2769.337
9315.000,2927.585
9316.000,2769.337
9317.000,2927.585
9318.000,2848.461
9319.000,3006.709
9320.000,2848.461
9321.000,3006.709
9322.000,2848.461
9323.000,2927.585
9324.000,2769.337
9325.000,2927.585
9326.000,2848.461
9327.000,3006.709
9328.000,2848.461
9329.000,3006.709
9330.000,2848.461
9331.000,2927.585
9332.000,2769.337
9333.000,2927.585
9334.000,2848.461
9335.000,3006.709
9336.000,2848.461
9337.000,3006.709
9338.000,2848.461
9339.000,3006.709
9340.000,2769.337
9341.000,2927.585
9342.000,2769.337
9343.000,3006.709
9344.000,2848.461
9345.000,3006.709
9346.000,2848.461
9347.000,3006.709
9348.000,2769.337
9349.000,2927.585
9350.000,2769.337
9351.000,3006.709
9352.000,2848.461
9353.000,3006.709
9354.000,2848.461
9355.000,3006.709
9356.000,2769.337
9357.000,2927.585
9358.000,2769.337
9359.000,3006.709
9360.000,2848.461
9361.000,3006.709
9362.000,2848.461
9363.000,3006.709
9364.000,2769.337
9365.000,2927.585
9366.000,2769.337
9367.000,3006.709
9368.000,2848.461
9369.000,3006.709
9370.000,2848.461
9371.000,3006.709
9372.000,2848.461
9373.000,2927.585
9374.000,2769.337
9375.000,3006.709
9376.000,2848.461
9377.000,3006.709
9378.000,2848.461
9379.000,3006.709
9380.000,2848.461
9381.000,2927.585
9382.000,2769.337
9383.000,2927.585
9384.000,2848.461
9385.000,3006.709
9386.000,2848.461
9387.000,3006.709
9388.000,2848.461
9389.000,2927.585
9390.000,2769.337
9391.000,2927.585
9392.000,2769.337
9393.000,3006.709
9394.000,2848.461
9395.000,3006.709
9396.000,2848.461
9397.000,2927.585
9398.000,2769.337
9399.000,2927.585
9400.000,2769.337
9401.000,3006.709
9402.000,2848.461
9403.000,3006.709
9404.000,2848.461
9405.000,3006.709
9406.000,2769.337
9407.000,2927.585
9408.000,2769.337
9409.000,2927.585
9410.000,2848.461
9411.000,3006.709
9412.000,2848.461
9413.000,3006.709
9414.000,2769.337
9415.000,2927.585
9416.000,2769.337
9417.000,2927.585
9418.000,2848.461
9419.000,3006.709
9420.000,2848.461
9421.000,3006.709
9422.000,2848.461
9423.000,2927.585
9424.000,2769.337
9425.000,2927.585
9426.000,2848.461
9427.000,3006.709
9428.000,2848.461
9429.000,3006.709
9430.000,2848.461
9431.000,3006.709
9432.000,2769.337
9433.000,2927.585
9434.000,2848.461
9435.000,3006.709
9436.000,2848.461
9437.000,3006.709
9438.000,2848.461
9439.000,3006.709
9440.000,2769.337
9441.000,2927.585
9442.000,2848.461
9443.000,3006.709
9444.000,2848.461
9445.000,3006.709
9446.000,2848.461
9447.000,3006.709
9448.000,2769.337
9449.000,2927.585
9450.000,2769.337
9451.000,3006.709
9452.000,2848.461
9453.000,3006.709
9454.000,2848.461
9455.000,3006.709
9456.000,2769.337
9457.000,2927.585
9458.000,2769.337
9459.000,3006.709
9460.000,2848.461
9461.000,3006.709
9462.000,2848.461
9463.000,3006.709
9464.000,2769.337
9465.000,2927.585
9466.000,2769.337
9467.000,2927.585
9468.000,2848.461
9469.000,3006.709
9470.000,2848.461
9471.000,3006.709
9472.000,2848.461
9473.000,2927.585
9474.000,2769.337
9475.000,2927.585
9476.000,2848.461
9477.000,3006.709
9478.000,2848.461
9479.000,3006.709
9480.000,2848.461
9481.000,2927.585
9482.000,2769.337
9483.000,2927.585
9484.000,2769.337
9485.000,3006.709
9486.000,2848.461
9487.000,3006.709
9488.000,2848.461
9489.000,2927.585
9490.000,2769.337
9491.000,2927.585
9492.000,2769.337
9493.000,3006.709
9494.000,2848.461
9495.000,3006.709
9496.000,2848.461
9497.000,3006.709
9498.000,2769.337
9499.000,2927.585
9500.000,2769.337
9501.000,3006.709
9502.000,2848.461
9503.000,3006.709
9504.000,2848.461
9505.000,3006.709
9506.000,2769.337
9507.000,2927.585
9508.000,2769.337
9509.000,3006.709
9510.000,2848.461
9511.000,3006.709
9512.000,2848.461
9513.000,3006.709
9514.000,2769.337
9515.000,2927.585
9516.000,2769.337
9517.000,2927.585
9518.000,2848.461
9519.000,3006.709
9520.000,2848.461
9521.000,3006.709
9522.000,2848.461
9523.000,2927.585
9524.000,2769.337
9525.000,2927.585
9526.000,2848.461
9527.000,3006.709
9528.000,2848.461
9529.000,3006.709
9530.000,2848.461
9531.000,2927.585
9532.000,2769.337
9533.000,2927.585
9534.000,2769.337
9535.000,3006.709
9536.000,2848.461
9537.000,3006.709
9538.000,2848.461
9539.000,3006.709
9540.000,2769.337
9541.000,2927.585
9542.000,2769.337
9543.000,3006.709
9544.000,2848.461
9545.000,3006.709
9546.000,2848.461
9547.000,3006.709
9548.000,2769.337
9549.000,2927.585
9550.000,2769.337
9551.000,2927.585
9552.000,2848.461
9553.000,3006.709
9554.000,2848.461
9555.000,3006.709
9556.000,2769.337
9557.000,2927.585
9558.000,2769.337
9559.000,2927.585
9560.000,2848.461
9561.000,3006.709
9562.000,2848.461
9563.000,3006.709
9564.000,2769.337
9565.000,2927.585
9566.000,2769.337
9567.000,2927.585
9568.000,2848.461
9569.000,3006.709
9570.000,2848.461
9571.000,3006.709
9572.000,2848.461
9573.000,2927.585
9574.000,2769.337
9575.000,2927.585
9576.000,2848.461
9577.000,3006.709
9578.000,2848.461
9579.000,3006.709
9580.000,2848.461
9581.000,2927.585
9582.000,2769.337
9583.000,2927.585
9584.000,2769.337
9585.000,3006.709
9586.000,2848.461
9587.000,3006.709
9588.000,2848.461
9589.000,2927.585
9590.000,2769.337
9591.000,2927.585
9592.000,2769.337
9593.000,3006.709
9594.000,2848.461
9595.000,3006.709
9596.000,2848.461
9597.000,3006.709
9598.000,2769.337
9599.000,2927.585
9600.000,2769.337
9601.000,3006.709
9602.000,2848.461
9603.000,3006.709
9604.000,2848.461
9605.000,3006.709
9606.000,2769.337
9607.000,2927.585
9608.000,2769.337
9609.000,2927.585
9610.000,2848.461
9611.000,3006.709
9612.000,2848.461
9613.000,3006.709
9614.000,2769.337
9615.000,2927.585
9616.000,2769.337
9617.000,2927.585
9618.000,2848.461
9619.000,3006.709
9620.000,2848.461
9621.000,3006.709
9622.000,2769.337
9623.000,2927.585
9624.000,2769.337
9625.000,2927.585
9626.000,2848.461
9627.000,3006.709
9628.000,2848.461
9629.000,3006.709
9630.000,2848.461
9631.000,2927.585
9632.000,2769.337
9633.000,2927.585
9634.000,2769.337
9635.000,3006.709
9636.000,2848.461
9637.000,3006.709
9638.000,2848.461
9639.000,3006.709
9640.000,2769.337
9641.000,2927.585
9642.000,2769.337
9643.000,3006.709
9644.000,2848.461
9645.000,3006.709
9646.000,2848.461
9647.000,3006.709
9648.000,2769.337
9649.000,2927.585
9650.000,2769.337
9651.000,2927.585
9652.000,2848.461
9653.000,3006.709
9654.000,2848.461
9655.000,3006.709
9656.000,2769.337
9657.000,2927.585
9658.000,2769.337
9659.000,2927.585
9660.000,2848.461
9661.000,3006.709
9662.000,2848.461
9663.000,3006.709
9664.000,2848.461
9665.000,2927.585
9666.000,2769.337
9667.000,2927.585
9668.000,2848.461
9669.000,3006.709
9670.000,2848.461
9671.000,3006.709
9672.000,2769.337
9673.000,2927.585
9674.000,2769.337
9675.000,2927.585
9676.000,2848.461
9677.000,3006.709
9678.000,2848.461
9679.000,3006.709
9680.000,2848.461
9681.000,2927.585
9682.000,2769.337
9683.000,2927.585
9684.000,2848.461
9685.000,3006.709
9686.000,2848.461
9687.000,3006.709
9688.000,2848.461
9689.000,2927.585
9690.000,2769.337
9691.000,2927.585
9692.000,2769.337
9693.000,3006.709
9694.000,2848.461
9695.000,3006.709
9696.000,2848.461
9697.000,3006.709
9698.000,2769.337
9699.000,2927.585
9700.000,2769.337
9701.000,3006.709
9702.000,2848.461
9703.000,3006.709
9704.000,2848.461
9705.000,3006.709
9706.000,2769.337
9707.000,2927.585
9708.000,2769.337
9709.000,2927.585
9710.000,2848.461
9711.000,3006.709
9712.000,2848.461
9713.000,3006.709
9714.000,2769.337
9715.000,2927.585
9716.000,2769.337
9717.000,2927.585
9718.000,2848.461
9719.000,3006.709
9720.000,2848.461
9721.000,3006.709
9722.000,2848.461
9723.000,2927.585
9724.000,2769.337
9725.000,2927.585
9726.000,2848.461
9727.000,3006.709
9728.000,2848.461
9729.000,3006.709
9730.000,2848.461
9731.000,2927.585
9732.000,2769.337
9733.000,2927.585
9734.000,2848.461
9735.000,3006.709
9736.000,2848.461
9737.000,3006.709
9738.000,2848.461
9739.000,2927.585
9740.000,2769.337
9741.000,2927.585
9742.000,2769.337
9743.000,3006.709
9744.000,2848.461
9745.000,3006.709
9746.000,2848.461
9747.000,2927.585
9748.000,2769.337
9749.000,2927.585
9750.000,2769.337
9751.000,3006.709
9752.000,2848.461
9753.000,3006.709
9754.000,2848.461
9755.000,3006.709
9756.000,2769.337
9757.000,2927.585
9758.000,2769.337
9759.000,2927.585
9760.000,2848.461
9761.000,3006.709
9762.000,2848.461
9763.000,3006.709
9764.000,2769.337
9765.000,2927.585
9766.000,2769.337
9767.000,2927.585
9768.000,2848.461
9769.000,3006.709
9770.000,2848.461
9771.000,3006.709
9772.000,2848.461
9773.000,2927.585
9774.000,2769.337
9775.000,2927.585
9776.000,2769.337
9777.000,3006.709
9778.000,2848.461
9779.000,3006.709
9780.000,2848.461
9781.000,3006.709
9782.000,2769.337
9783.000,2927.585
9784.000,2769.337
9785.000,3006.709
9786.000,2848.461
9787.000,3006.709
9788.000,2848.461
9789.000,3006.709
9790.000,2769.337
9791.000,2927.585
9792.000,2769.337
9793.000,3006.709
9794.000,2848.461
9795.000,3006.709
9796.000,2848.461
9797.000,3006.709
9798.000,2769.337
9799.000,2927.585
9800.000,2769.337
9801.000,3006.709
9802.000,2848.461
9803.000,3006.709
9804.000,2848.461
9805.000,3006.709
9806.000,2769.337
9807.000,2927.585
9808.000,2769.337
9809.000,3006.709
9810.000,2848.461
9811.000,3006.709
9812.000,2848.461
9813.000,3006.709
9814.000,2769.337
9815.000,2927.585
9816.000,2769.337
9817.000,2927.585
9818.000,2848.461
9819.000,3006.709
9820.000,2848.461
9821.000,3006.709
9822.000,2769.337
9823.000,2927.585
9824.000,2769.337
9825.000,2927.585
9826.000,2848.461
9827.000,3006.709
9828.000,2848.461
9829.000,3006.709
9830.000,2848.461
9831.000,2927.585
9832.000,2769.337
9833.000,2927.585
9834.000,2769.337
9835.000,3006.709
9836.000,2848.461
9837.000,3006.709
9838.000,2848.461
9839.000,3006.709
9840.000,2769.337
9841.000,2927.585
9842.000,2769.337
9843.000,3006.709
9844.000,2848.461
9845.000,3006.709
9846.000,2848.461
9847.000,3006.709
9848.000,2769.337
9849.000,2927.585
9850.000,2769.337
9851.000,3006.709
9852.000,2848.461
9853.000,3006.709
9854.000,2848.461
9855.000,3006.709
9856.000,2769.337
9857.000,2927.585
9858.000,2769.337
9859.000,3006.709
9860.000,2848.461
9861.000,3006.709
9862.000,2848.461
9863.000,3006.709
9864.000,2769.337
9865.000,2927.585
9866.000,2769.337
9867.000,3006.709
9868.000,2848.461
9869.000,3006.709
9870.000,2848.461
9871.000,3006.709
9872.000,2848.461
9873.000,2927.585
9874.000,2769.337
9875.000,2927.585
9876.000,2848.461
9877.000,3006.709
9878.000,2848.461
9879.000,3006.709
9880.000,2848.461
9881.000,2927.585
9882.000,2769.337
9883.000,2927.585
9884.000,2769.337
9885.000,3006.709
9886.000,2848.461
9887.000,3006.709
9888.000,2848.461
9889.000,3006.709
9890.000,2769.337
9891.000,2927.585
9892.000,2769.337
9893.000,3006.709
9894.000,2848.461
9895.000,3006.709
9896.000,2848.461
9897.000,3006.709
9898.000,2769.337
9899.000,2927.585
9900.000,2769.337
9901.000,3006.709
9902.000,2848.461
9903.000,3006.709
9904.000,2848.461
9905.000,3006.709
9906.000,2769.337
9907.000,2927.585
9908.000,2769.337
9909.000,3006.709
9910.000,2848.461
9911.000,3006.709
9912.000,2848.461
9913.000,3006.709
9914.000,2769.337
9915.000,2927.585
9916.000,2769.337
9917.000,3006.709
9918.000,2848.461
9919.000,3006.709
9920.000,2848.461
9921.000,3006.709
9922.000,2769.337
9923.000,2927.585
9924.000,2769.337
9925.000,2927.585
9926.000,2848.461
9927.000,3006.709
9928.000,2848.461
9929.000,3006.709
9930.000,2848.461
9931.000,2927.585
9932.000,2769.337
9933.000,2927.585
9934.000,2848.461
9935.000,3006.709
9936.000,2848.461
9937.000,3006.709
9938.000,2848.461
9939.000,2927.585
9940.000,2769.337
9941.000,2927.585
9942.000,2848.461
9943.000,3006.709
9944.000,2848.461
9945.000,3006.709
9946.000,2848.461
9947.000,3006.709
9948.000,2769.337
9949.000,2927.585
9950.000,2769.337
9951.000,3006.709
9952.000,2848.461
9953.000,3006.709
9954.000,2848.461
9955.000,3006.709
9956.000,2769.337
9957.000,2927.585
9958.000,2769.337
9959.000,3006.709
9960.000,2848.461
9961.000,3006.709
9962.000,2848.461
9963.000,3006.709
9964.000,2769.337
9965.000,2927.585
9966.000,2769.337
9967.000,3006.709
9968.000,2848.461
9969.000,3006.709
9970.000,2848.461
9971.000,3006.709
9972.000,2848.461
9973.000,2927.585
9974.000,2769.337
9975.000,2927.585
9976.000,2848.461
9977.000,3006.709
9978.000,2848.461
9979.000,3006.709
9980.000,2848.461
9981.000,2927.585
9982.000,2769.337
9983.000,2927.585
9984.000,2848.461
9985.000,3006.709
9986.000,2848.461
9987.000,3006.709
9988.000,2848.461
9989.000,2927.585
9990.000,2769.337
9991.000,2927.585
9992.000,2769.337
9993.000,3006.709
9994.000,2848.461
9995.000,3006.709
9996.000,2848.461
9997.000,3006.709
9998.000,2769.337
9999.000,2927.585
10000.000,2769.337
10001.000,3006.709
10002.000,2848.461
10003.000,3006.709
10004.000,2848.461
10005.000,3006.709
10006.000,2769.337
10007.000,2927.585
10008.000,2769.337
10009.000,3006.709
10010.000,2848.461
10011.000,3006.709
10012.000,2848.461
10013.000,3006.709
10014.000,2848.461
10015.000,2927.585
10016.000,2769.337
10017.000,3006.709
10018.000,2848.461
10019.000,3006.709
10020.000,2848.461
10021.000,3006.709
10022.000,2848.461
10023.000,2927.585
10024.000,2769.337
10025.000,3006.709
10026.000,2848.461
10027.000,3006.709
10028.000,2848.461
10029.000,3006.709
10030.000,2848.461
10031.000,2927.585
10032.000,2769.337
10033.000,2927.585
10034.000,2848.461
10035.000,3006.709
10036.000,2848.461
10037.000,3006.709
10038.000,2848.461
10039.000,2927.585
10040.000,2769.337
10041.000,2927.585
10042.000,2848.461
10043.000,3006.709
10044.000,2848.461
10045.000,3006.709
10046.000,2848.461
10047.000,2927.585
10048.000,2769.337
10049.000,2927.585
10050.000,2769.337
10051.000,3006.709
10052.000,2848.461
10053.000,3006.709
10054.000,2848.461
10055.000,3006.709
10056.000,2769.337
10057.000,2927.585
10058.000,2769.337
10059.000,3006.709
10060.000,2848.461
10061.000,3006.709
10062.000,2848.461
10063.000,3006.709
10064.000,2769.337
10065.000,2927.585
10066.000,2769.337
10067.000,2927.585
10068.000,2848.461
10069.000,3006.709
10070.000,2848.461
10071.000,3006.709
10072.000,2848.461
10073.000,2927.585
10074.000,2769.337
10075.000,2927.585
10076.000,2848.461
10077.000,3006.709
10078.000,2848.461
10079.000,3006.709
10080.000,2848.461
10081.000,2927.585
10082.000,2769.337
10083.000,2927.585
10084.000,2848.461
10085.000,3006.709
10086.000,2848.461
10087.000,3006.709
10088.000,2848.461
10089.000,2927.585
10090.000,2769.337
10091.000,2927.585
10092.000,2848.461
10093.000,3006.709
10094.000,2848.461
10095.000,3006.709
10096.000,2848.461
10097.000,3006.709
10098.000,2769.337
10099.000,2927.585
10100.000,2769.337
10101.000,3006.709
10102.000,2848.461
10103.000,3006.709
10104.000,2848.461
10105.000,3006.709
10106.000,2769.337
10107.000,2927.585
10108.000,2769.337
10109.000,3006.709
10110.000,2848.461
10111.000,3006.709
10112.000,2848.461
10113.000,3006.709
10114.000,2769.337
10115.000,2927.585
10116.000,2769.337
10117.000,3006.709
10118.000,2848.461
10119.000,3006.709
10120.000,2848.461
10121.000,3006.709
10122.000,2848.461
10123.000,2927.585
10124.000,2769.337
10125.000,2927.585
10126.000,2848.461
10127.000,3006.709
10128.000,2848.461
10129.000,3006.709
10130.000,2848.461
10131.000,2927.585
10132.000,2769.337
10133.000,2927.585
10134.000,2769.337
10135.000,3006.709
10136.000,2848.461
10137.000,3006.709
10138.000,2848.461
10139.000,3006.709
10140.000,2769.337
10141.000,2927.585
10142.000,2769.337
10143.000,3006.709
10144.000,2848.461
10145.000,3006.709
10146.000,2848.461
10147.000,3006.709
10148.000,2769.337
10149.000,2927.585
10150.000,2769.337
10151.000,3006.709
10152.000,2848.461
10153.000,3006.709
10154.000,2848.461
10155.000,3006.709
10156.000,2769.337
10157.000,2927.585
10158.000,2769.337
10159.000,3006.709
10160.000,2848.461
10161.000,3006.709
10162.000,2848.461
10163.000,3006.709
10164.000,2769.337
10165.000,2927.585
10166.000,2769.337
10167.000,3006.709
10168.000,2848.461
10169.000,3006.709
10170.000,2848.461
10171.000,3006.709
10172.000,2769.337
10173.000,2927.585
10174.000,2769.337
10175.000,3006.709
10176.000,2848.461
10177.000,3006.709
10178.000,2848.461
10179.000,3006.709
10180.000,2848.461
10181.000,2927.585
10182.000,2769.337
10183.000,2927.585
10184.000,2848.461
10185.000,3006.709
10186.000,2848.461
10187.000,3006.709
10188.000,2848.461
10189.000,3006.709
10190.000,2769.337
10191.000,2927.585
10192.000,2769.337
10193.000,3006.709
10194.000,2848.461
10195.000,3006.709
10196.000,2848.461
10197.000,3006.709
10198.000,2769.337
10199.000,2927.585
10200.000,2769.337
10201.000,3006.709
10202.000,2848.461
10203.000,3006.709
10204.000,2848.461
10205.000,3006.709
10206.000,2769.337
10207.000,2927.585
10208.000,2769.337
10209.000,3006.709
10210.000,2848.461
10211.000,3006.709
10212.000,2848.461
10213.000,3006.709
10214.000,2848.461
10215.000,2927.585
10216.000,2769.337
10217.000,3006.709
10218.000,2848.461
10219.000,3006.709
10220.000,2848.461
10221.000,3006.709
10222.000,2848.461
10223.000,2927.585
10224.000,2769.337
10225.000,3006.709
10226.000,2848.461
10227.000,3006.709
10228.000,2848.461
10229.000,3006.709
10230.000,2848.461
10231.000,3006.709
10232.000,2769.337
10233.000,3006.709
10234.000,2848.461
10235.000,3006.709
10236.000,2848.461
10237.000,3006.709
10238.000,2848.461
10239.000,3006.709
10240.000,2769.337
10241.000,3006.709
10242.000,2848.461
10243.000,3006.709
10244.000,2848.461
10245.000,3006.709
10246.000,2848.461
10247.000,3006.709
10248.000,2769.337
10249.000,2927.585
10250.000,2848.461
10251.000,3006.709
10252.000,2848.461
10253.000,3006.709
10254.000,2848.461
10255.000,3006.709
10256.000,2848.461
10257.000,2927.585
10258.000,2769.337
10259.000,3006.709
10260.000,2848.461
10261.000,3006.709
10262.000,2848.461
10263.000,3006.709
10264.000,2848.461
10265.000,3006.709
10266.000,2769.337
10267.000,3006.709
10268.000,2848.461
10269.000,3006.709
10270.000,2848.461
10271.000,3006.709
10272.000,2848.461
10273.000,2927.585
10274.000,2769.337
10275.000,3006.709
10276.000,2848.461
10277.000,3006.709
10278.000,2848.461
10279.000,3006.709
10280.000,2848.461
10281.000,3006.709
10282.000,2769.337
10283.000,3006.709
10284.000,2848.461
10285.000,3006.709
10286.000,2848.461
10287.000,3006.709
10288.000,2848.461
10289.000,2927.585
10290.000,2769.337
10291.000,2927.585
10292.000,2848.461
10293.000,3006.709
10294.000,2848.461
10295.000,3006.709
10296.000,2848.461
10297.000,3006.709
10298.000,2769.337
10299.000,2927.585
10300.000,2848.461
10301.000,3006.709
10302.000,2848.461
10303.000,3006.709
10304.000,2848.461
10305.000,3006.709
10306.000,2769.337
10307.000,2927.585
10308.000,2769.337
10309.000,3006.709
10310.000,2848.461
10311.000,3006.709
10312.000,2848.461
10313.000,3006.709
10314.000,2848.461
10315.000,2927.585
10316.000,2769.337
10317.000,3006.709
10318.000,2848.461
10319.000,3006.709
10320.000,2848.461
10321.000,3006.709
10322.000,2848.461
10323.000,3006.709
10324.000,2769.337
10325.000,2927.585
10326.000,2848.461
10327.000,3006.709
10328.000,2848.461
10329.000,3006.709
10330.000,2848.461
10331.000,3006.709
10332.000,2769.337
10333.000,3006.709
10334.000,2848.461
10335.000,3006.709
10336.000,2848.461
10337.000,3006.709
10338.000,2848.461
10339.000,3006.709
10340.000,2769.337
10341.000,3006.709
10342.000,2848.461
10343.000,3006.709
10344.000,2848.461
10345.000,3006.709
10346.000,2848.461
10347.000,3006.709
10348.000,2769.337
10349.000,3006.709
10350.000,2848.461
10351.000,3006.709
10352.000,2848.461
10353.000,3006.709
10354.000,2848.461
10355.000,3006.709
10356.000,2769.337
10357.000,2927.585
10358.000,2769.337
10359.000,3006.709
10360.000,2848.461
10361.000,3006.709
10362.000,2848.461
10363.000,3006.709
10364.000,2769.337
10365.000,2927.585
10366.000,2769.337
10367.000,3006.709
10368.000,2848.461
10369.000,3006.709
10370.000,2848.461
10371.000,3006.709
10372.000,2848.461
10373.000,2927.585
10374.000,2769.337
10375.000,3006.709
10376.000,2848.461
10377.000,3006.709
10378.000,2848.461
10379.000,3006.709
10380.000,2848.461
10381.000,3006.709
10382.000,2769.337
10383.000,3006.709
10384.000,2848.461
10385.000,3006.709
10386.000,2848.461
10387.000,3006.709
10388.000,2848.461
10389.000,3006.709
10390.000,2769.337
10391.000,2927.585
10392.000,2848.461
10393.000,3006.709
10394.000,2848.461
10395.000,3006.709
10396.000,2848.461
10397.000,3006.709
10398.000,2769.337
10399.000,2927.585
10400.000,2848.461
10401.000,3006.709
10402.000,2848.461
10403.000,3006.709
10404.000,2848.461
10405.000,3006.709
10406.000,2848.461
10407.000,2927.585
10408.000,2769.337
10409.000,3006.709
10410.000,2848.461
10411.000,3006.709
10412.000,2848.461
10413.000,3006.709
10414.000,2848.461
10415.000,2927.585
10416.000,2769.337
10417.000,3006.709
10418.000,2848.461
10419.000,3006.709
10420.000,2848.461
10421.000,3006.709
10422.000,2848.461
10423.000,2927.585
10424.000,2769.337
10425.000,2927.585
10426.000,2848.461
10427.000,3006.709
10428.000,2848.461
10429.000,3006.709
10430.000,2848.461
10431.000,3006.709
10432.000,2769.337
10433.000,2927.585
10434.000,2848.461
10435.000,3006.709
10436.000,2848.461
10437.000,3006.709
10438.000,2848.461
10439.000,3006.709
10440.000,2769.337
10441.000,2927.585
10442.000,2769.337
10443.000,3006.709
10444.000,2848.461
10445.000,3006.709
10446.000,2848.461
10447.000,3006.709
10448.000,2848.461
10449.000,2927.585
10450.000,2769.337
10451.000,3006.709
10452.000,2848.461
10453.000,3006.709
10454.000,2848.461
10455.000,3006.709
10456.000,2848.461
10457.000,3006.709
10458.000,2769.337
10459.000,3006.709
10460.000,2848.461
10461.000,3006.709
10462.000,2848.461
10463.000,3006.709
10464.000,2848.461
10465.000,3006.709
10466.000,2769.337
10467.000,3006.709
10468.000,2848.461
10469.000,3006.709
10470.000,2848.461
10471.000,3006.709
10472.000,2848.461
10473.000,3006.709
10474.000,2769.337
10475.000,3006.709
10476.000,2848.461
10477.000,3006.709
10478.000,2848.461
10479.000,3006.709
10480.000,2848.461
10481.000,3006.709
10482.000,2769.337
10483.000,3006.709
10484.000,2848.461
10485.000,3006.709
10486.000,2848.461
10487.000,3006.709
10488.000,2848.461
10489.000,3006.709
10490.000,2769.337
10491.000,2927.585
10492.000,2769.337
10493.000,3006.709
10494.000,2848.461
10495.000,3006.709
10496.000,2848.461
10497.000,3006.709
10498.000,2769.337
10499.000,2927.585
10500.000,2769.337
10501.000,3006.709
10502.000,2848.461
10503.000,3006.709
10504.000,2848.461
10505.000,3006.709
10506.000,2848.461
10507.000,3006.709
10508.000,2769.337
10509.000,3006.709
10510.000,2848.461
10511.000,3006.709
10512.000,2848.461
10513.000,3006.709
10514.000,2848.461
10515.000,3006.709
10516.000,2769.337
10517.000,3006.709
10518.000,2848.461
10519.000,3006.709
10520.000,2848.461
10521.000,3006.709
10522.000,2848.461
10523.000,3006.709
10524.000,2769.337
10525.000,3006.709
10526.000,2848.461
10527.000,3006.709
10528.000,2848.461
10529.000,3006.709
10530.000,2848.461
10531.000,3006.709
10532.000,2769.337
10533.000,3006.709
10534.000,2848.461
10535.000,3006.709
10536.000,2848.461
10537.000,3006.709
10538.000,2848.461
10539.000,3006.709
10540.000,2769.337
10541.000,2927.585
10542.000,2769.337
10543.000,3006.709
10544.000,2848.461
10545.000,3006.709
10546.000,2848.461
10547.000,3006.709
10548.000,2769.337
10549.000,2927.585
10550.000,2769.337
10551.000,3006.709
10552.000,2848.461
10553.000,3006.709
10554.000,2848.461
10555.000,3006.709
10556.000,2848.461
10557.000,2927.585
10558.000,2769.337
10559.000,3006.709
10560.000,2848.461
10561.000,3006.709
10562.000,2848.461
10563.000,3006.709
10564.000,2848.461
10565.000,3006.709
10566.000,2769.337
10567.000,2927.585
10568.000,2848.461
10569.000,3006.709
10570.000,2848.461
10571.000,3006.709
10572.000,2848.461
10573.000,3006.709
10574.000,2769.337
10575.000,3006.709
10576.000,2848.461
10577.000,3006.709
10578.000,2848.461
10579.000,3006.709
10580.000,2848.461
10581.000,3006.709
10582.000,2769.337
10583.000,3006.709
10584.000,2848.461
10585.000,3006.709
10586.000,2848.461
10587.000,3006.709
10588.000,2848.461
10589.000,3006.709
10590.000,2769.337
10591.000,3006.709
10592.000,2848.461
10593.000,3006.709
10594.000,2848.461
10595.000,3006.709
10596.000,2848.461
10597.000,3006.709
10598.000,2769.337
10599.000,2927.585
10600.000,2769.337
10601.000,3006.709
10602.000,2848.461
10603.000,3006.709
10604.000,2848.461
10605.000,3006.709
10606.000,2769.337
10607.000,2927.585
10608.000,2769.337
10609.000,3006.709
10610.000,2848.461
10611.000,3006.709
10612.000,2848.461
10613.000,3006.709
10614.000,2769.337
10615.000,2927.585
10616.000,2769.337
10617.000,3006.709
10618.000,2848.461
10619.000,3006.709
10620.000,2848.461
10621.000,3006.709
10622.000,2848.461
10623.000,3006.709
10624.000,2769.337
10625.000,2927.585
10626.000,2848.461
10627.000,3006.709
10628.000,2848.461
10629.000,3006.709
10630.000,2848.461
10631.000,3006.709
10632.000,2769.337
10633.000,2927.585
10634.000,2769.337
10635.000,3006.709
10636.000,2848.461
10637.000,3006.709
10638.000,2848.461
10639.000,3006.709
10640.000,2769.337
10641.000,2927.585
10642.000,2769.337
10643.000,3006.709
10644.000,2848.461
10645.000,3006.709
10646.000,2848.461
10647.000,3006.709
10648.000,2769.337
10649.000,2927.585
10650.000,2769.337
10651.000,3006.709
10652.000,2848.461
10653.000,3006.709
10654.000,2848.461
10655.000,3006.709
10656.000,2769.337
10657.000,2927.585
10658.000,2769.337
10659.000,3006.709
10660.000,2848.461
10661.000,3006.709
10662.000,2848.461
10663.000,3006.709
10664.000,2769.337
10665.000,2927.585
10666.000,2769.337
10667.000,2927.585
10668.000,2848.461
10669.000,3006.709
10670.000,2848.461
10671.000,3006.709
10672.000,2848.461
10673.000,2927.585
10674.000,2769.337
10675.000,2927.585
10676.000,2848.461
10677.000,3006.709
10678.000,2848.461
10679.000,3006.709
10680.000,2848.461
10681.000,3006.709
10682.000,2769.337
10683.000,2927.585
10684.000,2769.337
10685.000,3006.709
10686.000,2848.461
10687.000,3006.709
10688.000,2848.461
10689.000,3006.709
10690.000,2769.337
10691.000,2927.585
10692.000,2769.337
10693.000,3006.709
10694.000,2848.461
10695.000,3006.709
10696.000,2848.461
10697.000,3006.709
10698.000,2769.337
10699.000,2927.585
10700.000,2769.337
10701.000,2927.585
10702.000,2848.461
10703.000,3006.709
10704.000,2848.461
10705.000,3006.709
10706.000,2848.461
10707.000,3006.709
10708.000,2769.337
10709.000,3006.709
10710.000,2848.461
10711.000,3006.709
10712.000,2848.461
10713.000,3006.709
10714.000,2848.461
10715.000,3006.709
10716.000,2769.337
10717.000,3006.709
10718.000,2848.461
10719.000,3006.709
10720.000,2848.461
10721.000,3006.709
10722.000,2848.461
10723.000,3006.709
10724.000,2769.337
10725.000,3006.709
10726.000,2848.461
10727.000,3006.709
10728.000,2848.461
10729.000,3006.709
10730.000,2848.461
10731.000,2927.585
10732.000,2769.337
10733.000,2927.585
10734.000,2769.337
10735.000,3006.709
10736.000,2848.461
10737.000,3006.709
10738.000,2848.461
10739.000,3006.709
10740.000,2769.337
10741.000,2927.585
10742.000,2769.337
10743.000,3006.709
10744.000,2848.461
10745.000,3006.709
10746.000,2848.461
10747.000,3006.709
10748.000,2769.337
10749.000,2927.585
10750.000,2769.337
10751.000,3006.709
10752.000,2848.461
10753.000,3006.709
10754.000,2848.461
10755.000,3006.709
10756.000,2769.337
10757.000,2927.585
10758.000,2769.337
10759.000,2927.585
10760.000,2848.461
10761.000,3006.709
10762.000,2848.461
10763.000,3006.709
10764.000,2848.461
10765.000,2927.585
10766.000,2769.337
10767.000,2927.585
10768.000,2769.337
10769.000,3006.709
10770.000,2848.461
10771.000,3006.709
10772.000,2848.461
10773.000,3006.709
10774.000,2769.337
10775.000,2927.585
10776.000,2769.337
10777.000,3006.709
10778.000,2848.461
10779.000,3006.709
10780.000,2848.461
10781.000,3006.709
10782.000,2769.337
10783.000,2927.585
10784.000,2769.337
10785.000,3006.709
10786.000,2848.461
10787.000,3006.709
10788.000,2848.461
10789.000,3006.709
10790.000,2769.337
10791.000,2927.585
10792.000,2769.337
10793.000,3006.709
10794.000,2848.461
10795.000,3006.709
10796.000,2848.461
10797.000,3006.709
10798.000,2769.337
10799.000,2927.585
10800.000,2769.337
10801.000,3006.709
10802.000,2848.461
10803.000,3006.709
10804.000,2848.461
10805.000,3006.709
10806.000,2769.337
10807.000,2927.585
10808.000,2769.337
10809.000,2927.585
10810.000,2848.461
10811.000,3006.709
10812.000,2848.461
10813.000,3006.709
10814.000,2848.461
10815.000,2927.585
10816.000,2769.337
10817.000,2927.585
10818.000,2769.337
10819.000,3006.709
10820.000,2848.461
10821.000,3006.709
10822.000,2848.461
10823.000,3006.709
10824.000,2769.337
10825.000,2927.585
10826.000,2769.337
10827.000,3006.709
10828.000,2848.461
10829.000,3006.709
10830.000,2848.461
10831.000,3006.709
10832.000,2769.337
10833.000,2927.585
10834.000,2769.337
10835.000,3006.709
10836.000,2848.461
10837.000,3006.709
10838.000,2848.461
10839.000,3006.709
10840.000,2769.337
10841.000,2927.585
10842.000,2769.337
10843.000,3006.709
10844.000,2848.461
10845.000,3006.709
10846.000,2848.461
10847.000,3006.709
10848.000,2769.337
10849.000,2927.585
10850.000,2769.337
10851.000,3006.709
10852.000,2848.461
10853.000,3006.709
10854.000,2848.461
10855.000,3006.709
10856.000,2769.337
10857.000,2927.585
10858.000,2769.337
10859.000,2927.585
10860.000,2848.461
10861.000,3006.709
10862.000,2848.461
10863.000,3006.709
10864.000,2769.337
10865.000,2927.585
10866.000,2769.337
10867.000,2927.585
10868.000,2769.337
10869.000,3006.709
10870.000,2848.461
10871.000,3006.709
10872.000,2848.461
10873.000,2927.585
10874.000,2769.337
10875.000,2927.585
10876.000,2769.337
10877.000,3006.709
10878.000,2848.461
10879.000,3006.709
10880.000,2848.461
10881.000,3006.709
10882.000,2769.337
10883.000,2927.585
10884.000,2769.337
10885.000,3006.709
10886.000,2848.461
10887.000,3006.709
10888.000,2848.461
10889.000,3006.709
10890.000,2769.337
10891.000,2927.585
10892.000,2769.337
10893.000,3006.709
10894.000,2848.461
10895.000,3006.709
10896.000,2848.461
10897.000,3006.709
10898.000,2769.337
10899.000,2927.585
10900.000,2769.337
10901.000,3006.709
10902.000,2848.461
10903.000,3006.709
10904.000,2848.461
10905.000,3006.709
10906.000,2769.337
10907.000,2927.585
10908.000,2769.337
10909.000,2927.585
10910.000,2848.461
10911.000,3006.709
10912.000,2848.461
10913.000,3006.709
10914.000,2848.461
10915.000,2927.585
10916.000,2769.337
10917.000,2927.585
10918.000,2769.337
10919.000,3006.709
10920.000,2848.461
10921.000,3006.709
10922.000,2848.461
10923.000,2927.585
10924.000,2769.337
10925.000,2927.585
10926.000,2769.337
10927.000,3006.709
10928.000,2848.461
10929.000,3006.709
10930.000,2848.461
10931.000,3006.709
10932.000,2769.337
10933.000,2927.585
10934.000,2769.337
10935.000,3006.709
10936.000,2848.461
10937.000,3006.709
10938.000,2848.461
10939.000,3006.709
10940.000,2769.337
10941.000,2927.585
10942.000,2769.337
10943.000,3006.709
10944.000,2848.461
10945.000,3006.709
10946.000,2848.461
10947.000,3006.709
10948.000,2769.337
10949.000,2927.585
10950.000,2769.337
10951.000,3006.709
10952.000,2848.461
10953.000,3006.709
10954.000,2848.461
10955.000,3006.709
10956.000,2769.337
10957.000,2927.585
10958.000,2769.337
10959.000,2927.585
10960.000,2848.461
10961.000,3006.709
10962.000,2848.461
10963.000,3006.709
10964.000,2769.337
10965.000,2927.585
10966.000,2769.337
10967.000,2927.585
10968.000,2848.461
10969.000,3006.709
10970.000,2848.461
10971.000,3006.709
10972.000,2769.337
10973.000,2927.585
10974.000,2769.337
10975.000,2927.585
10976.000,2769.337
10977.000,3006.709
10978.000,2848.461
10979.000,3006.709
10980.000,2848.461
10981.000,2927.585
10982.000,2769.337
10983.000,2927.585
10984.000,2769.337
10985.000,3006.709
10986.000,2848.461
10987.000,3006.709
10988.000,2848.461
10989.000,3006.709
10990.000,2769.337
10991.000,2927.585
10992.000,2769.337
10993.000,3006.709
10994.000,2848.461
10995.000,3006.709
10996.000,2848.461
10997.000,3006.709
10998.000,2769.337
10999.000,2927.585
11000.000,2769.337
11001.000,2927.585
11002.000,2848.461
11003.000,3006.709
11004.000,2848.461
11005.000,3006.709
11006.000,2769.337
11007.000,2927.585
11008.000,2769.337
11009.000,2927.585
11010.000,2769.337
11011.000,3006.709
11012.000,2848.461
11013.000,3006.709
11014.000,2848.461
11015.000,2927.585
11016.000,2769.337
11017.000,2927.585
11018.000,2769.337
11019.000,3006.709
11020.000,2848.461
11021.000,3006.709
11022.000,2848.461
11023.000,2927.585
11024.000,2769.337
11025.000,2927.585
11026.000,2769.337
11027.000,3006.709
11028.000,2848.461
11029.000,3006.709
11030.000,2848.461
11031.000,3006.709
11032.000,2769.337
11033.000,2927.585
11034.000,2769.337
11035.000,3006.709
11036.000,2848.461
11037.000,3006.709
11038.000,2848.461
11039.000,3006.709
11040.000,2769.337
11041.000,2927.585
11042.000,2769.337
11043.000,3006.709
11044.000,2848.461
11045.000,3006.709
11046.000,2848.461
11047.000,3006.709
11048.000,2769.337
11049.000,2927.585
11050.000,2769.337
11051.000,3006.709
11052.000,2848.461
11053.000,3006.709
11054.000,2848.461
11055.000,3006.709
11056.000,2769.337
11057.000,2927.585
11058.000,2769.337
11059.000,2927.585
11060.000,2848.461
11061.000,3006.709
11062.000,2848.461
11063.000,3006.709
11064.000,2848.461
11065.000,2927.585
11066.000,2769.337
11067.000,2927.585
11068.000,2848.461
11069.000,3006.709
11070.000,2848.461
11071.000,3006.709
11072.000,2848.461
11073.000,2927.585
11074.000,2769.337
11075.000,2927.585
11076.000,2769.337
11077.000,3006.709
11078.000,2848.461
11079.000,3006.709
11080.000,2848.461
11081.000,3006.709
11082.000,2769.337
11083.000,2927.585
11084.000,2769.337
11085.000,3006.709
11086.000,2848.461
11087.000,3006.709
11088.000,2848.461
11089.000,3006.709
11090.000,2769.337
11091.000,2927.585
11092.000,2769.337
11093.000,3006.709
11094.000,2848.461
11095.000,3006.709
11096.000,2848.461
11097.000,3006.709
11098.000,2769.337
11099.000,2927.585
11100.000,2769.337
11101.000,3006.709
11102.000,2848.461
11103.000,3006.709
11104.000,2848.461
11105.000,3006.709
11106.000,2769.337
11107.000,2927.585
11108.000,2769.337
11109.000,2927.585
11110.000,2848.461
11111.000,3006.709
11112.000,2848.461
11113.000,3006.709
11114.000,2769.337
11115.000,2927.585
11116.000,2769.337
11117.000,2927.585
11118.000,2769.337
11119.000,3006.709
11120.000,2848.461
11121.000,3006.709
11122.000,2848.461
11123.000,2927.585
11124.000,2769.337
11125.000,2927.585
11126.000,2769.337
11127.000,3006.709
11128.000,2848.461
11129.000,3006.709
11130.000,2848.461
11131.000,3006.709
11132.000,2769.337
11133.000,2927.585
11134.000,2769.337
11135.000,3006.709
11136.000,2848.461
11137.000,3006.709
11138.000,2848.461
11139.000,3006.709
11140.000,2769.337
11141.000,2927.585
11142.000,2769.337
11143.000,3006.709
11144.000,2848.461
11145.000,3006.709
11146.000,2848.461
11147.000,3006.709
11148.000,2769.337
11149.000,2927.585
11150.000,2769.337
11151.000,3006.709
11152.000,2848.461
11153.000,3006.709
11154.000,2848.461
11155.000,3006.709
11156.000,2769.337
11157.000,2927.585
11158.000,2769.337
11159.000,3006.709
11160.000,2848.461
11161.000,3006.709
11162.000,2848.461
11163.000,3006.709
11164.000,2769.337
11165.000,2927.585
11166.000,2769.337
11167.000,3006.709
11168.000,2848.461
11169.000,3006.709
11170.000,2848.461
11171.000,3006.709
11172.000,2769.337
11173.000,2927.585
11174.000,2769.337
11175.000,2927.585
11176.000,2848.461
11177.000,3006.709
11178.000,2848.461
11179.000,3006.709
11180.000,2848.461
11181.000,2927.585
11182.000,2769.337
11183.000,2927.585
11184.000,2769.337
11185.000,3006.709
11186.000,2848.461
11187.000,3006.709
11188.000,2848.461
11189.000,3006.709
11190.000,2769.337
11191.000,2927.585
11192.000,2769.337
11193.000,3006.709
11194.000,2848.461
11195.000,3006.709
11196.000,2848.461
11197.000,3006.709
11198.000,2769.337
11199.000,2927.585
11200.000,2769.337
11201.000,3006.709
11202.000,2848.461
11203.000,3006.709
11204.000,2848.461
11205.000,3006.709
11206.000,2769.337
11207.000,2927.585
11208.000,2769.337
11209.000,3006.709
11210.000,2848.461
11211.000,3006.709
11212.000,2848.461
11213.000,3006.709
11214.000,2769.337
11215.000,2927.585
11216.000,2769.337
11217.000,2927.585
11218.000,2848.461
11219.000,3006.709
11220.000,2848.461
11221.000,3006.709
11222.000,2848.461
11223.000,2927.585
11224.000,2769.337
11225.000,2927.585
11226.000,2848.461
11227.000,3006.709
11228.000,2848.461
11229.000,3006.709
11230.000,2848.461
11231.000,3006.709
11232.000,2769.337
11233.000,2927.585
11234.000,2769.337
11235.000,3006.709
11236.000,2848.461
11237.000,3006.709
11238.000,2848.461
11239.000,3006.709
11240.000,2769.337
11241.000,2927.585
11242.000,2769.337
11243.000,3006.709
11244.000,2848.461
11245.000,3006.709
11246.000,2848.461
11247.000,3006.709
11248.000,2769.337
11249.000,2927.585
11250.000,2769.337
11251.000,3006.709
11252.000,2848.461
11253.000,3006.709
11254.000,2848.461
11255.000,3006.709
11256.000,2769.337
11257.000,2927.585
11258.000,2769.337
11259.000,3006.709
11260.000,2848.461
11261.000,3006.709
11262.000,2848.461
11263.000,3006.709
11264.000,2769.337
11265.000,2927.585
11266.000,2769.337
11267.000,3006.709
11268.000,2848.461
11269.000,3006.709
11270.000,2848.461
11271.000,3006.709
11272.000,2848.461
11273.000,2927.585
11274.000,2769.337
11275.000,2927.585
11276.000,2848.461
11277.000,3006.709
11278.000,2848.461
11279.000,3006.709
11280.000,2848.461
11281.000,3006.709
11282.000,2769.337
11283.000,2927.585
11284.000,2769.337
11285.000,3006.709
11286.000,2848.461
11287.000,3006.709
11288.000,2848.461
11289.000,3006.709
11290.000,2769.337
11291.000,2927.585
11292.000,2769.337
11293.000,3006.709
11294.000,2848.461
11295.000,3006.709
11296.000,2848.461
11297.000,3006.709
11298.000,2769.337
11299.000,2927.585
11300.000,2769.337
11301.000,3006.709
11302.000,2848.461
11303.000,3006.709
11304.000,2848.461
11305.000,3006.709
11306.000,2769.337
11307.000,2927.585
11308.000,2769.337
11309.000,3006.709
11310.000,2848.461
11311.000,3006.709
11312.000,2848.461
11313.000,3006.709
11314.000,2769.337
11315.000,2927.585
11316.000,2769.337
11317.000,3006.709
11318.000,2848.461
11319.000,3006.709
11320.000,2848.461
11321.000,3006.709
11322.000,2769.337
11323.000,2927.585
11324.000,2769.337
11325.000,2927.585
11326.000,2848.461
11327.000,3006.709
11328.000,2848.461
11329.000,3006.709
11330.000,2848.461
11331.000,2927.585
11332.000,2769.337
11333.000,2927.585
11334.000,2769.337
11335.000,3006.709
11336.000,2848.461
11337.000,3006.709
11338.000,2848.461
11339.000,3006.709
11340.000,2769.337
11341.000,2927.585
11342.000,2769.337
11343.000,3006.709
11344.000,2848.461
11345.000,3006.709
11346.000,2848.461
11347.000,3006.709
11348.000,2769.337
11349.000,2927.585
11350.000,2769.337
11351.000,3006.709
11352.000,2848.461
11353.000,3006.709
11354.000,2848.461
11355.000,3006.709
11356.000,2769.337
11357.000,2927.585
11358.000,2769.337
11359.000,3006.709
11360.000,2848.461
11361.000,3006.709
11362.000,2848.461
11363.000,3006.709
11364.000,2848.461
11365.000,3006.709
11366.000,2769.337
11367.000,2927.585
11368.000,2769.337
11369.000,3006.709
11370.000,2848.461
11371.000,3006.709
11372.000,2848.461
11373.000,3006.709
11374.000,2769.337
11375.000,3006.709
11376.000,2848.461
11377.000,3006.709
11378.000,2848.461
11379.000,3006.709
11380.000,2848.461
11381.000,3006.709
11382.000,2769.337
11383.000,3006.709
11384.000,2848.461
11385.000,3006.709
11386.000,2848.461
11387.000,3006.709
11388.000,2848.461
11389.000,3006.709
11390.000,2769.337
11391.000,3006.709
11392.000,2769.337
11393.000,3006.709
11394.000,2848.461
11395.000,3006.709
11396.000,2848.461
11397.000,3006.709
11398.000,2769.337
11399.000,2927.585
11400.000,2769.337
11401.000,3006.709
11402.000,2848.461
11403.000,3006.709
11404.000,2848.461
11405.000,3006.709
11406.000,2769.337
11407.000,2927.585
11408.000,2769.337
11409.000,3006.709
11410.000,2848.461
11411.000,3006.709
11412.000,2848.461
11413.000,3006.709
11414.000,2769.337
11415.000,2927.585
11416.000,2769.337
11417.000,3006.709
11418.000,2848.461
11419.000,3006.709
11420.000,2848.461
11421.000,3006.709
11422.000,2848.461
11423.000,3006.709
11424.000,2769.337
11425.000,3006.709
11426.000,2848.461
11427.000,3006.709
11428.000,2848.461
11429.000,3006.709
11430.000,2848.461
11431.000,3006.709
11432.000,2769.337
11433.000,3006.709
11434.000,2848.461
11435.000,3006.709
11436.000,2848.461
11437.000,3006.709
11438.000,2848.461
11439.000,3006.709
11440.000,2769.337
11441.000,2927.585
11442.000,2769.337
11443.000,3006.709
11444.000,2848.461
11445.000,3006.709
11446.000,2848.461
11447.000,3006.709
11448.000,2769.337
11449.000,2927.585
11450.000,2769.337
11451.000,3006.709
11452.000,2848.461
11453.000,3006.709
11454.000,2848.461
11455.000,3006.709
11456.000,2769.337
11457.000,2927.585
11458.000,2769.337
11459.000,3006.709
11460.000,2848.461
11461.000,3006.709
11462.000,2848.461
11463.000,3006.709
11464.000,2769.337
11465.000,2927.585
11466.000,2769.337
11467.000,2927.585
11468.000,2848.461
11469.000,3006.709
11470.000,2848.461
11471.000,3006.709
11472.000,2769.337
11473.000,2927.585
11474.000,2769.337
11475.000,2927.585
11476.000,2769.337
11477.000,3006.709
11478.000,2848.461
11479.000,3006.709
11480.000,2848.461
11481.000,3006.709
11482.000,2769.337
11483.000,2927.585
11484.000,2769.337
11485.000,3006.709
11486.000,2848.461
11487.000,3006.709
11488.000,2848.461
11489.000,3006.709
11490.000,2769.337
11491.000,2927.585
11492.000,2769.337
11493.000,3006.709
11494.000,2848.461
11495.000,3006.709
11496.000,2848.461
11497.000,3006.709
11498.000,2769.337
11499.000,3006.709
11500.000,2769.337
11501.000,3006.709
11502.000,2848.461
11503.000,3006.709
11504.000,2848.461
11505.000,3006.709
11506.000,2769.337
11507.000,3006.709
11508.000,2769.337
11509.000,3006.709
11510.000,2848.461
11511.000,3006.709
11512.000,2848.461
11513.000,3006.709
11514.000,2769.337
11515.000,2927.585
11516.000,2769.337
11517.000,3006.709
11518.000,2848.461
11519.000,3006.709
11520.000,2848.461
11521.000,3006.709
11522.000,2769.337
11523.000,2927.585
11524.000,2769.337
11525.000,3006.709
11526.000,2848.461
11527.000,3006.709
11528.000,2848.461
11529.000,3006.709
11530.000,2848.461
11531.000,3006.709
11532.000,2769.337
11533.000,2927.585
11534.000,2769.337
11535.000,3006.709
11536.000,2848.461
11537.000,3006.709
11538.000,2848.461
11539.000,3006.709
11540.000,2769.337
11541.000,2927.585
11542.000,2769.337
11543.000,3006.709
11544.000,2848.461
11545.000,3006.709
11546.000,2848.461
11547.000,3006.709
11548.000,2769.337
11549.000,2927.585
11550.000,2769.337
11551.000,3006.709
11552.000,2848.461
11553.000,3006.709
11554.000,2848.461
11555.000,3006.709
11556.000,2769.337
11557.000,2927.585
11558.000,2769.337
11559.000,3006.709
11560.000,2848.461
11561.000,3006.709
11562.000,2848.461
11563.000,3006.709
11564.000,2769.337
11565.000,2927.585
11566.000,2769.337
11567.000,3006.709
11568.000,2848.461
11569.000,3006.709
11570.000,2848.461
11571.000,3006.709
11572.000,2848.461
11573.000,3006.709
11574.000,2769.337
11575.000,3006.709
11576.000,2769.337
11577.000,3006.709
11578.000,2848.461
11579.000,3006.709
11580.000,2848.461
11581.000,3006.709
11582.000,2769.337
11583.000,2927.585
11584.000,2769.337
11585.000,3006.709
11586.000,2848.461
11587.000,3006.709
11588.000,2848.461
11589.000,3006.709
11590.000,2769.337
11591.000,2927.585
11592.000,2769.337
11593.000,3006.709
11594.000,2848.461
11595.000,3006.709
11596.000,2848.461
11597.000,3006.709
11598.000,2769.337
11599.000,3006.709
11600.000,2769.337
11601.000,3006.709
11602.000,2848.461
11603.000,3006.709
11604.000,2848.461
11605.000,3006.709
11606.000,2848.461
11607.000,3006.709
11608.000,2769.337
11609.000,3006.709
11610.000,2848.461
11611.000,3006.709
11612.000,2848.461
11613.000,3006.709
11614.000,2848.461
11615.000,3006.709
11616.000,2769.337
11617.000,3006.709
11618.000,2848.461
11619.000,3006.709
11620.000,2848.461
11621.000,3006.709
11622.000,2769.337
11623.000,3006.709
11624.000,2769.337
11625.000,3006.709
11626.000,2769.337
11627.000,3006.709
11628.000,2848.461
11629.000,3006.709
11630.000,2848.461
11631.000,3006.709
11632.000,2769.337
11633.000,3006.709
11634.000,2769.337
11635.000,3006.709
11636.000,2848.461
11637.000,3006.709
11638.000,2848.461
11639.000,3006.709
11640.000,2769.337
11641.000,2927.585
11642.000,2769.337
11643.000,3006.709
11644.000,2848.461
11645.000,3006.709
11646.000,2848.461
11647.000,3006.709
11648.000,2769.337
11649.000,3006.709
11650.000,2769.337
11651.000,3006.709
11652.000,2848.461
11653.000,3006.709
11654.000,2848.461
11655.000,3006.709
11656.000,2769.337
11657.000,3006.709
11658.000,2769.337
11659.000,3006.709
11660.000,2848.461
11661.000,3006.709
11662.000,2848.461
11663.000,3006.709
11664.000,2848.461
11665.000,3006.709
11666.000,2769.337
11667.000,3006.709
11668.000,2848.461
11669.000,3006.709
11670.000,2848.461
11671.000,3006.709
11672.000,2848.461
11673.000,3006.709
11674.000,2769.337
11675.000,2927.585
11676.000,2769.337
11677.000,3006.709
11678.000,2848.461
11679.000,3006.709
11680.000,2848.461
11681.000,3006.709
11682.000,2769.337
11683.000,2927.585
11684.000,2769.337
11685.000,3006.709
11686.000,2848.461
11687.000,3006.709
11688.000,2848.461
11689.000,3006.709
11690.000,2769.337
11691.000,2927.585
11692.000,2769.337
11693.000,3006.709
11694.000,2848.461
11695.000,3006.709
11696.000,2848.461
11697.000,3006.709
11698.000,2769.337
11699.000,2927.585
11700.000,2769.337
11701.000,3006.709
11702.000,2848.461
11703.000,3006.709
11704.000,2848.461
11705.000,3006.709
11706.000,2848.461
11707.000,3006.709
11708.000,2769.337
11709.000,2927.585
11710.000,2769.337
11711.000,3006.709
11712.000,2848.461
11713.000,3006.709
11714.000,2848.461
11715.000,3006.709
11716.000,2769.337
11717.000,2927.585
11718.000,2769.337
11719.000,3006.709
11720.000,2848.461
11721.000,3006.709
11722.000,2848.461
11723.000,3006.709
11724.000,2769.337
11725.000,3006.709
11726.000,2769.337
11727.000,3006.709
11728.000,2848.461
11729.000,3006.709
11730.000,2848.461
11731.000,3006.709
11732.000,2769.337
11733.000,3006.709
11734.000,2769.337
11735.000,3006.709
11736.000,2848.461
11737.000,3006.709
11738.000,2848.461
11739.000,3006.709
11740.000,2769.337
11741.000,3006.709
11742.000,2769.337
11743.000,3006.709
11744.000,2848.461
11745.000,3006.709
11746.000,2848.461
11747.000,3006.709
11748.000,2769.337
11749.000,3006.709
11750.000,2769.337
11751.000,3006.709
11752.000,2848.461
11753.000,3006.709
11754.000,2848.461
11755.000,3006.709
11756.000,2769.337
11757.000,2927.585
11758.000,2769.337
11759.000,3006.709
11760.000,2848.461
11761.000,3006.709
11762.000,2848.461
11763.000,3006.709
11764.000,2769.337
11765.000,2927.585
11766.000,2769.337
11767.000,2927.585
11768.000,2769.337
11769.000,3006.709
11770.000,2848.461
11771.000,3006.709
11772.000,2848.461
11773.000,3006.709
11774.000,2769.337
11775.000,2927.585
11776.000,2769.337
11777.000,3006.709
11778.000,2848.461
11779.000,3006.709
11780.000,2848.461
11781.000,3006.709
11782.000,2769.337
11783.000,2927.585
11784.000,2769.337
11785.000,3006.709
11786.000,2848.461
11787.000,3006.709
11788.000,2848.461
11789.000,3006.709
11790.000,2769.337
11791.000,2927.585
11792.000,2769.337
11793.000,3006.709
11794.000,2848.461
11795.000,3006.709
11796.000,2848.461
11797.000,3006.709
11798.000,2769.337
11799.000,3006.709
11800.000,2769.337
11801.000,3006.709
11802.000,2848.461
11803.000,3006.709
11804.000,2848.461
11805.000,3006.709
11806.000,2848.461
11807.000,3006.709
11808.000,2769.337
11809.000,3006.709
11810.000,2848.461
11811.000,3006.709
11812.000,2848.461
11813.000,3006.709
11814.000,2848.461
11815.000,3006.709
11816.000,2769.337
11817.000,2927.585
11818.000,2769.337
11819.000,3006.709
11820.000,2848.461
11821.000,3006.709
11822.000,2848.461
11823.000,3006.709
11824.000,2769.337
11825.000,2927.585
11826.000,2769.337
11827.000,3006.709
11828.000,2848.461
11829.000,3006.709
11830.000,2848.461
11831.000,3006.709
11832.000,2769.337
11833.000,2927.585
11834.000,2769.337
11835.000,3006.709
11836.000,2848.461
11837.000,3006.709
11838.000,2848.461
11839.000,3006.709
11840.000,2769.337
11841.000,2927.585
11842.000,2769.337
11843.000,3006.709
11844.000,2848.461
11845.000,3006.709
11846.000,2848.461
11847.000,3006.709
11848.000,2769.337
11849.000,3006.709
11850.000,2769.337
11851.000,3006.709
11852.000,2848.461
11853.000,3006.709
11854.000,2848.461
11855.000,3006.709
11856.000,2848.461
11857.000,3006.709
11858.000,2769.337
11859.000,3006.709
11860.000,2848.461
11861.000,3006.709
11862.000,2848.461
11863.000,3006.709
11864.000,2848.461
11865.000,3006.709
11866.000,2769.337
11867.000,2927.585
11868.000,2769.337
11869.000,3006.709
11870.000,2848.461
11871.000,3006.709
11872.000,2848.461
11873.000,3006.709
11874.000,2769.337
11875.000,2927.585
11876.000,2769.337
11877.000,3006.709
11878.000,2848.461
11879.000,3006.709
11880.000,2848.461
11881.000,3006.709
11882.000,2769.337
11883.000,2927.585
11884.000,2769.337
11885.000,3006.709
11886.000,2848.461
11887.000,3006.709
11888.000,2848.461
11889.000,3006.709
11890.000,2769.337
11891.000,2927.585
11892.000,2769.337
11893.000,3006.709
11894.000,2848.461
11895.000,3006.709
11896.000,2848.461
11897.000,3006.709
11898.000,2769.337
11899.000,2927.585
11900.000,2769.337
11901.000,3006.709
11902.000,2848.461
11903.000,3006.709
11904.000,2848.461
11905.000,3006.709
11906.000,2848.461
11907.000,2927.585
11908.000,2769.337
11909.000,2927.585
11910.000,2769.337
11911.000,3006.709
11912.000,2848.461
11913.000,3006.709
11914.000,2848.461
11915.000,3006.709
11916.000,2769.337
11917.000,2927.585
11918.000,2769.337
11919.000,3006.709
11920.000,2848.461
11921.000,3006.709
11922.000,2848.461
11923.000,3006.709
11924.000,2769.337
11925.000,2927.585
11926.000,2769.337
11927.000,3006.709
11928.000,2848.461
11929.000,3006.709
11930.000,2848.461
11931.000,3006.709
11932.000,2769.337
11933.000,2927.585
11934.000,2769.337
11935.000,3006.709
11936.000,2848.461
11937.000,3006.709
11938.000,2848.461
11939.000,3006.709
11940.000,2769.337
11941.000,2927.585
11942.000,2769.337
11943.000,3006.709
11944.000,2848.461
11945.000,3006.709
11946.000,2848.461
11947.000,3006.709
11948.000,2769.337
11949.000,3006.709
11950.000,2769.337
11951.000,3006.709
11952.000,2848.461
11953.000,3006.709
11954.000,2848.461
11955.000,3006.709
11956.000,2848.461
11957.000,3006.709
11958.000,2769.337
11959.000,3006.709
11960.000,2848.461
11961.000,3006.709
11962.000,2848.461
11963.000,3006.709
11964.000,2848.461
11965.000,3006.709
11966.000,2769.337
11967.000,2927.585
11968.000,2769.337
11969.000,3006.709
11970.000,2848.461
11971.000,3006.709
11972.000,2848.461
11973.000,3006.709
11974.000,2769.337
11975.000,2927.585
11976.000,2769.337
11977.000,3006.709
11978.000,2848.461
11979.000,3006.709
11980.000,2848.461
11981.000,3006.709
11982.000,2769.337
11983.000,2927.585
11984.000,2769.337
11985.000,3006.709
11986.000,2848.461
11987.000,3006.709
11988.000,2848.461
11989.000,3006.709
11990.000,2769.337
11991.000,2927.585
11992.000,2769.337
11993.000,3006.709
11994.000,2848.461
11995.000,3006.709
11996.000,2848.461
11997.000,3006.709
11998.000,2769.337
11999.000,2927.585
12000.000,2769.337
12001.000,3006.709
12002.000,2848.461
12003.000,3006.709
12004.000,2848.461
12005.000,3006.709
12006.000,2769.337
12007.000,2927.585
12008.000,2769.337
12009.000,3006.709
12010.000,2848.461
12011.000,3006.709
12012.000,2848.461
12013.000,3006.709
12014.000,2848.461
12015.000,3006.709
12016.000,2769.337
12017.000,2927.585
12018.000,2769.337
12019.000,3006.709
12020.000,2848.461
12021.000,3006.709
12022.000,2848.461
12023.000,3006.709
12024.000,2769.337
12025.000,2927.585
12026.000,2769.337
12027.000,3006.709
12028.000,2848.461
12029.000,3006.709
12030.000,2848.461
12031.000,3006.709
12032.000,2769.337
12033.000,2927.585
12034.000,2769.337
12035.000,3006.709
12036.000,2848.461
12037.000,3006.709
12038.000,2848.461
12039.000,3006.709
12040.000,2769.337
12041.000,2927.585
12042.000,2769.337
12043.000,3006.709
12044.000,2848.461
12045.000,3006.709
12046.000,2848.461
12047.000,3006.709
12048.000,2769.337
12049.000,2927.585
12050.000,2769.337
12051.000,3006.709
12052.000,2848.461
12053.000,3006.709
12054.000,2848.461
12055.000,3006.709
12056.000,2769.337
12057.000,2927.585
12058.000,2769.337
12059.000,2927.585
12060.000,2769.337
12061.000,3006.709
12062.000,2848.461
12063.000,3006.709
12064.000,2848.461
12065.000,3006.709
12066.000,2769.337
12067.000,2927.585
12068.000,2769.337
12069.000,3006.709
12070.000,2848.461
12071.000,3006.709
12072.000,2848.461
12073.000,3006.709
12074.000,2769.337
12075.000,2927.585
12076.000,2769.337
12077.000,3006.709
12078.000,2848.461
12079.000,3006.709
12080.000,2848.461
12081.000,3006.709
12082.000,2769.337
12083.000,2927.585
12084.000,2769.337
12085.000,3006.709
12086.000,2848.461
12087.000,3006.709
12088.000,2848.461
12089.000,3006.709
12090.000,2769.337
12091.000,2927.585
12092.000,2769.337
12093.000,3006.709
12094.000,2848.461
12095.000,3006.709
12096.000,2848.461
12097.000,3006.709
12098.000,2769.337
12099.000,3006.709
12100.000,2769.337
12101.000,3006.709
12102.000,2848.461
12103.000,3006.709
12104.000,2848.461
12105.000,3006.709
12106.000,2769.337
12107.000,2927.585
12108.000,2769.337
12109.000,3006.709
12110.000,2848.461
12111.000,3006.709
12112.000,2848.461
12113.000,3006.709
12114.000,2769.337
12115.000,2927.585
12116.000,2769.337
12117.000,2927.585
12118.000,2769.337
12119.000,3006.709
12120.000,2848.461
12121.000,3006.709
12122.000,2848.461
12123.000,2927.585
12124.000,2769.337
12125.000,2927.585
12126.000,2769.337
12127.000,3006.709
12128.000,2848.461
12129.000,3006.709
12130.000,2848.461
12131.000,3006.709
12132.000,2769.337
12133.000,2927.585
12134.000,2769.337
12135.000,3006.709
12136.000,2848.461
12137.000,3006.709
12138.000,2848.461
12139.000,3006.709
12140.000,2769.337
12141.000,2927.585
12142.000,2769.337
12143.000,2927.585
12144.000,2848.461
12145.000,3006.709
12146.000,2848.461
12147.000,3006.709
12148.000,2769.337
12149.000,2927.585
12150.000,2769.337
12151.000,2927.585
12152.000,2769.337
12153.000,3006.709
12154.000,2848.461
12155.000,3006.709
12156.000,2769.337
12157.000,2927.585
12158.000,2769.337
12159.000,2927.585
12160.000,2769.337
12161.000,3006.709
12162.000,2848.461
12163.000,3006.709
12164.000,2848.461
12165.000,3006.709
12166.000,2769.337
12167.000,2927.585
12168.000,2769.337
12169.000,3006.709
12170.000,2848.461
12171.000,3006.709
12172.000,2848.461
12173.000,3006.709
12174.000,2769.337
12175.000,2927.585
12176.000,2769.337
12177.000,3006.709
12178.000,2848.461
12179.000,3006.709
12180.000,2848.461
12181.000,3006.709
12182.000,2769.337
12183.000,2927.585
12184.000,2769.337
12185.000,3006.709
12186.000,2848.461
12187.000,3006.709
12188.000,2848.461
12189.000,3006.709
12190.000,2769.337
12191.000,2927.585
12192.000,2769.337
12193.000,3006.709
12194.000,2848.461
12195.000,3006.709
12196.000,2848.461
12197.000,3006.709
12198.000,2769.337
12199.000,2927.585
12200.000,2769.337
12201.000,3006.709
12202.000,2848.461
12203.000,3006.709
12204.000,2848.461
12205.000,3006.709
12206.000,2769.337
12207.000,2927.585
12208.000,2769.337
12209.000,2927.585
12210.000,2769.337
12211.000,3006.709
12212.000,2848.461
12213.000,3006.709
12214.000,2848.461
12215.000,3006.709
12216.000,2769.337
12217.000,2927.585
12218.000,2769.337
12219.000,3006.709
12220.000,2848.461
12221.000,3006.709
12222.000,2848.461
12223.000,3006.709
12224.000,2769.337
12225.000,2927.585
12226.000,2769.337
12227.000,3006.709
12228.000,2848.461
12229.000,3006.709
12230.000,2848.461
12231.000,3006.709
12232.000,2769.337
12233.000,2927.585
12234.000,2769.337
12235.000,3006.709
12236.000,2848.461
12237.000,3006.709
12238.000,2848.461
12239.000,3006.709
12240.000,2769.337
12241.000,2927.585
12242.000,2769.337
12243.000,3006.709
12244.000,2848.461
12245.000,3006.709
12246.000,2848.461
12247.000,3006.709
12248.000,2769.337
12249.000,2927.585
12250.000,2769.337
12251.000,3006.709
12252.000,2848.461
12253.000,3006.709
12254.000,2848.461
12255.000,3006.709
12256.000,2769.337
12257.000,2927.585
12258.000,2769.337
12259.000,2927.585
12260.000,2769.337
12261.000,3006.709
12262.000,2848.461
12263.000,3006.709
12264.000,2848.461
12265.000,2927.585
12266.000,2769.337
12267.000,2927.585
12268.000,2769.337
12269.000,3006.709
12270.000,2848.461
12271.000,3006.709
12272.000,2848.461
12273.000,3006.709
12274.000,2769.337
12275.000,2927.585
12276.000,2769.337
12277.000,3006.709
12278.000,2848.461
12279.000,3006.709
12280.000,2848.461
12281.000,3006.709
12282.000,2769.337
12283.000,2927.585
12284.000,2769.337
12285.000,3006.709
12286.000,2848.461
12287.000,3006.709
12288.000,2848.461
12289.000,3006.709
12290.000,2769.337
12291.000,2927.585
12292.000,2769.337
12293.000,3006.709
12294.000,2769.337
12295.000,3006.709
12296.000,2848.461
12297.000,3006.709
12298.000,2769.337
12299.000,2927.585
12300.000,2769.337
12301.000,3006.709
12302.000,2848.461
12303.000,3006.709
12304.000,2848.461
12305.000,3006.709
12306.000,2769.337
12307.000,2927.585
12308.000,2769.337
12309.000,3006.709
12310.000,2848.461
12311.000,3006.709
12312.000,2848.461
12313.000,3006.709
12314.000,2769.337
12315.000,2927.585
12316.000,2769.337
12317.000,2927.585
12318.000,2769.337
12319.000,3006.709
12320.000,2848.461
12321.000,3006.709
12322.000,2848.461
12323.000,3006.709
12324.000,2769.337
12325.000,2927.585
12326.000,2769.337
12327.000,3006.709
12328.000,2848.461
12329.000,3006.709
12330.000,2848.461
12331.000,3006.709
12332.000,2769.337
12333.000,2927.585
12334.000,2769.337
12335.000,3006.709
12336.000,2848.461
12337.000,3006.709
12338.000,2848.461
12339.000,3006.709
12340.000,2769.337
12341.000,2927.585
12342.000,2769.337
12343.000,3006.709
12344.000,2848.461
12345.000,3006.709
12346.000,2848.461
12347.000,3006.709
12348.000,2769.337
12349.000,2927.585
12350.000,2769.337
12351.000,2927.585
12352.000,2769.337
12353.000,3006.709
12354.000,2848.461
12355.000,3006.709
12356.000,2769.337
12357.000,2927.585
12358.000,2769.337
12359.000,2927.585
12360.000,2769.337
12361.000,3006.709
12362.000,2848.461
12363.000,3006.709
12364.000,2769.337
12365.000,2927.585
12366.000,2769.337
12367.000,2927.585
12368.000,2769.337
12369.000,3006.709
12370.000,2848.461
12371.000,3006.709
12372.000,2848.461
12373.000,3006.709
12374.000,2769.337
12375.000,2927.585
12376.000,2769.337
12377.000,3006.709
12378.000,2848.461
12379.000,3006.709
12380.000,2848.461
12381.000,3006.709
12382.000,2769.337
12383.000,2927.585
12384.000,2769.337
12385.000,3006.709
12386.000,2848.461
12387.000,3006.709
12388.000,2848.461
12389.000,3006.709
12390.000,2769.337
12391.000,2927.585
12392.000,2769.337
12393.000,3006.709
12394.000,2848.461
12395.000,3006.709
12396.000,2848.461
12397.000,3006.709
12398.000,2769.337
12399.000,2927.585
12400.000,2769.337
12401.000,2927.585
12402.000,2769.337
12403.000,3006.709
12404.000,2848.461
12405.000,3006.709
12406.000,2769.337
12407.000,3006.709
12408.000,2769.337
12409.000,3006.709
12410.000,2769.337
12411.000,3006.709
12412.000,2848.461
12413.000,3006.709
12414.000,2769.337
12415.000,3006.709
12416.000,2769.337
12417.000,2927.585
12418.000,2769.337
12419.000,3006.709
12420.000,2848.461
12421.000,3006.709
12422.000,2769.337
12423.000,3006.709
12424.000,2769.337
12425.000,2927.585
12426.000,2769.337
12427.000,3006.709
12428.000,2848.461
12429.000,3006.709
12430.000,2848.461
12431.000,3006.709
12432.000,2769.337
12433.000,2927.585
12434.000,2769.337
12435.000,3006.709
12436.000,2848.461
12437.000,3006.709
12438.000,2848.461
12439.000,3006.709
12440.000,2769.337
12441.000,2927.585
12442.000,2769.337
12443.000,3006.709
12444.000,2848.461
12445.000,3006.709
12446.000,2848.461
12447.000,3006.709
12448.000,2769.337
12449.000,2927.585
12450.000,2769.337
12451.000,2927.585
12452.000,2769.337
12453.000,3006.709
12454.000,2848.461
12455.000,3006.709
12456.000,2769.337
12457.000,2927.585
12458.000,2769.337
12459.000,2927.585
12460.000,2769.337
12461.000,3006.709
12462.000,2848.461
12463.000,3006.709
12464.000,2848.461
12465.000,3006.709
12466.000,2769.337
12467.000,2927.585
12468.000,2769.337
12469.000,3006.709
12470.000,2848.461
12471.000,3006.709
12472.000,2848.461
12473.000,3006.709
12474.000,2769.337
12475.000,2927.585
12476.000,2769.337
12477.000,3006.709
12478.000,2848.461
12479.000,3006.709
12480.000,2848.461
12481.000,3006.709
12482.000,2769.337
12483.000,2927.585
12484.000,2769.337
12485.000,3006.709
12486.000,2848.461
12487.000,3006.709
12488.000,2848.461
12489.000,3006.709
12490.000,2769.337
12491.000,2927.585
12492.000,2769.337
12493.000,3006.709
12494.000,2848.461
12495.000,3006.709
12496.000,2848.461
12497.000,3006.709
12498.000,2769.337
12499.000,2927.585
12500.000,2769.337
12501.000,2927.585
12502.000,2769.337
12503.000,3006.709
12504.000,2848.461
12505.000,3006.709
12506.000,2769.337
12507.000,2927.585
12508.000,2769.337
12509.000,2927.585
12510.000,2769.337
12511.000,3006.709
12512.000,2848.461
12513.000,3006.709
12514.000,2848.461
12515.000,3006.709
12516.000,2769.337
12517.000,2927.585
12518.000,2769.337
12519.000,3006.709
12520.000,2848.461
12521.000,3006.709
12522.000,2848.461
12523.000,3006.709
12524.000,2769.337
12525.000,3006.709
12526.000,2769.337
12527.000,3006.709
12528.000,2848.461
12529.000,3006.709
12530.000,2848.461
12531.000,3006.709
12532.000,2769.337
12533.000,2927.585
12534.000,2769.337
12535.000,3006.709
12536.000,2848.461
12537.000,3006.709
12538.000,2848.461
12539.000,3006.709
12540.000,2769.337
12541.000,2927.585
12542.000,2769.337
12543.000,3006.709
12544.000,2848.461
12545.000,3006.709
12546.000,2848.461
12547.000,3006.709
12548.000,2769.337
12549.000,2927.585
12550.000,2769.337
12551.000,3006.709
12552.000,2848.461
12553.000,3006.709
12554.000,2848.461
12555.000,3006.709
12556.000,2769.337
12557.000,2927.585
12558.000,2769.337
12559.000,3006.709
12560.000,2848.461
12561.000,3006.709
12562.000,2848.461
12563.000,3006.709
12564.000,2769.337
12565.000,2927.585
12566.000,2769.337
12567.000,2927.585
12568.000,2769.337
12569.000,3006.709
12570.000,2848.461
12571.000,3006.709
12572.000,2848.461
12573.000,3006.709
12574.000,2769.337
12575.000,2927.585
12576.000,2769.337
12577.000,3006.709
12578.000,2848.461
12579.000,3006.709
12580.000,2848.461
12581.000,3006.709
12582.000,2769.337
12583.000,2927.585
12584.000,2769.337
12585.000,3006.709
12586.000,2848.461
12587.000,3006.709
12588.000,2848.461
12589.000,3006.709
12590.000,2769.337
12591.000,2927.585
12592.000,2769.337
12593.000,3006.709
12594.000,2848.461
12595.000,3006.709
12596.000,2848.461
12597.000,3006.709
12598.000,2769.337
12599.000,2927.585
12600.000,2769.337
12601.000,3006.709
12602.000,2848.461
12603.000,3006.709
12604.000,2848.461
12605.000,3006.709
12606.000,2769.337
12607.000,2927.585
12608.000,2769.337
12609.000,3006.709
12610.000,2848.461
12611.000,3006.709
12612.000,2848.461
12613.000,3006.709
12614.000,2769.337
12615.000,3006.709
12616.000,2769.337
12617.000,3006.709
12618.000,2769.337
12619.000,3006.709
12620.000,2848.461
12621.000,3006.709
12622.000,2848.461
12623.000,3006.709
12624.000,2769.337
12625.000,2927.585
12626.000,2769.337
12627.000,3006.709
12628.000,2848.461
12629.000,3006.709
12630.000,2848.461
12631.000,3006.709
12632.000,2769.337
12633.000,2927.585
12634.000,2769.337
12635.000,3006.709
12636.000,2848.461
12637.000,3006.709
12638.000,2848.461
12639.000,3006.709
12640.000,2769.337
12641.000,3006.709
12642.000,2769.337
12643.000,3006.709
12644.000,2848.461
12645.000,3006.709
12646.000,2848.461
12647.000,3006.709
12648.000,2769.337
12649.000,3006.709
12650.000,2769.337
12651.000,3006.709
12652.000,2848.461
12653.000,3006.709
12654.000,2848.461
12655.000,3006.709
12656.000,2769.337
12657.000,2927.585
12658.000,2769.337
12659.000,3006.709
12660.000,2848.461
12661.000,3006.709
12662.000,2848.461
12663.000,3006.709
12664.000,2769.337
12665.000,3006.709
12666.000,2769.337
12667.000,3006.709
12668.000,2848.461
12669.000,3006.709
12670.000,2848.461
12671.000,3006.709
12672.000,2769.337
12673.000,2927.585
12674.000,2769.337
12675.000,3006.709
12676.000,2769.337
12677.000,3006.709
12678.000,2848.461
12679.000,3006.709
12680.000,2848.461
12681.000,3006.709
12682.000,2769.337
12683.000,2927.585
12684.000,2769.337
12685.000,3006.709
12686.000,2848.461
12687.000,3006.709
12688.000,2848.461
12689.000,3006.709
12690.000,2769.337
12691.000,2927.585
12692.000,2769.337
12693.000,3006.709
12694.000,2848.461
12695.000,3006.709
12696.000,2848.461
12697.000,3006.709
12698.000,2769.337
12699.000,2927.585
12700.000,2769.337
12701.000,3006.709
12702.000,2848.461
12703.000,3006.709
12704.000,2848.461
12705.000,3006.709
12706.000,2769.337
12707.000,3006.709
12708.000,2769.337
12709.000,3006.709
12710.000,2769.337
12711.000,3006.709
12712.000,2848.461
12713.000,3006.709
12714.000,2848.461
12715.000,3006.709
12716.000,2769.337
12717.000,3006.709
12718.000,2769.337
12719.000,3006.709
12720.000,2848.461
12721.000,3006.709
12722.000,2848.461
12723.000,3006.709
12724.000,2769.337
12725.000,3006.709
12726.000,2769.337
12727.000,3006.709
12728.000,2848.461
12729.000,3006.709
12730.000,2848.461
12731.000,3006.709
12732.000,2769.337
12733.000,3006.709
12734.000,2769.337
12735.000,3006.709
12736.000,2848.461
12737.000,3006.709
12738.000,2848.461
12739.000,3006.709
12740.000,2769.337
12741.000,2927.585
12742.000,2769.337
12743.000,3006.709
12744.000,2848.461
12745.000,3006.709
12746.000,2848.461
12747.000,3006.709
12748.000,2769.337
12749.000,2927.585
12750.000,2769.337
12751.000,3006.709
12752.000,2848.461
12753.000,3006.709
12754.000,2848.461
12755.000,3006.709
12756.000,2769.337
12757.000,2927.585
12758.000,2769.337
12759.000,3006.709
12760.000,2769.337
12761.000,3006.709
12762.000,2848.461
12763.000,3006.709
12764.000,2848.461
12765.000,3006.709
12766.000,2769.337
12767.000,3006.709
12768.000,2769.337
12769.000,3006.709
12770.000,2848.461
12771.000,3006.709
12772.000,2848.461
12773.000,3006.709
12774.000,2769.337
12775.000,3006.709
12776.000,2769.337
12777.000,3006.709
12778.000,2848.461
12779.000,3006.709
12780.000,2848.461
12781.000,3006.709
12782.000,2769.337
12783.000,3006.709
12784.000,2769.337
12785.000,3006.709
12786.000,2848.461
12787.000,3006.709
12788.000,2848.461
12789.000,3006.709
12790.000,2769.337
12791.000,2927.585
12792.000,2769.337
12793.000,3006.709
12794.000,2848.461
12795.000,3006.709
12796.000,2848.461
12797.000,3006.709
12798.000,2769.337
12799.000,2927.585
12800.000,2769.337
12801.000,3006.709
12802.000,2848.461
12803.000,3006.709
12804.000,2848.461
12805.000,3006.709
12806.000,2769.337
12807.000,2927.585
12808.000,2769.337
12809.000,3006.709
12810.000,2769.337
12811.000,3006.709
12812.000,2848.461
12813.000,3006.709
12814.000,2769.337
12815.000,3006.709
12816.000,2769.337
12817.000,3006.709
12818.000,2769.337
12819.000,3006.709
12820.000,2848.461
12821.000,3006.709
12822.000,2848.461
12823.000,3006.709
12824.000,2769.337
12825.000,3006.709
12826.000,2769.337
12827.000,3006.709
12828.000,2848.461
12829.000,3006.709
12830.000,2848.461
12831.000,3006.709
12832.000,2769.337
12833.000,3006.709
12834.000,2769.337
12835.000,3006.709
12836.000,2848.461
12837.000,3006.709
12838.000,2848.461
12839.000,3006.709
12840.000,2769.337
12841.000,3006.709
12842.000,2769.337
12843.000,3006.709
12844.000,2848.461
12845.000,3006.709
12846.000,2848.461
12847.000,3006.709
12848.000,2769.337
12849.000,3006.709
12850.000,2769.337
12851.000,3006.709
12852.000,2848.461
12853.000,3006.709
12854.000,2848.461
12855.000,3006.709
12856.000,2769.337
12857.000,3006.709
12858.000,2769.337
12859.000,3006.709
12860.000,2769.337
12861.000,3006.709
12862.000,2848.461
12863.000,3006.709
12864.000,2769.337
12865.000,3006.709
12866.000,2769.337
12867.000,3006.709
12868.000,2769.337
12869.000,3006.709
12870.000,2848.461
12871.000,3006.709
12872.000,2848.461
12873.000,3006.709
12874.000,2769.337
12875.000,3006.709
12876.000,2769.337
12877.000,3006.709
12878.000,2848.461
12879.000,3006.709
12880.000,2848.461
12881.000,3006.709
12882.000,2769.337
12883.000,3006.709
12884.000,2769.337
12885.000,3006.709
12886.000,2848.461
12887.000,3006.709
12888.000,2848.461
12889.000,3006.709
12890.000,2769.337
12891.000,3006.709
12892.000,2769.337
12893.000,3006.709
12894.000,2848.461
12895.000,3006.709
12896.000,2848.461
12897.000,3006.709
12898.000,2769.337
12899.000,3006.709
12900.000,2769.337
12901.000,3006.709
12902.000,2848.461
12903.000,3006.709
12904.000,2848.461
12905.000,3006.709
12906.000,2769.337
12907.000,3006.709
12908.000,2769.337
12909.000,3006.709
12910.000,2769.337
12911.000,3006.709
12912.000,2848.461
12913.000,3006.709
12914.000,2769.337
12915.000,3006.709
12916.000,2769.337
12917.000,3006.709
12918.000,2769.337
12919.000,3006.709
12920.000,2848.461
12921.000,3006.709
12922.000,2848.461
12923.000,3006.709
12924.000,2769.337
12925.000,3006.709
12926.000,2769.337
12927.000,3006.709
12928.000,2848.461
12929.000,3006.709
12930.000,2848.461
12931.000,3006.709
12932.000,2769.337
12933.000,2927.585
12934.000,2769.337
12935.000,3006.709
12936.000,2848.461
12937.000,3006.709
12938.000,2848.461
12939.000,3006.709
12940.000,2769.337
12941.000,2927.585
12942.000,2769.337
12943.000,3006.709
12944.000,2848.461
12945.000,3006.709
12946.000,2848.461
12947.000,3006.709
12948.000,2769.337
12949.000,3006.709
12950.000,2769.337
12951.000,3006.709
12952.000,2769.337
12953.000,3006.709
12954.000,2848.461
12955.000,3006.709
12956.000,2848.461
12957.000,3006.709
12958.000,2769.337
12959.000,3006.709
12960.000,2769.337
12961.000,3006.709
12962.000,2848.461
12963.000,3006.709
12964.000,2848.461
12965.000,3006.709
12966.000,2769.337
12967.000,3006.709
12968.000,2769.337
12969.000,3006.709
12970.000,2848.461
12971.000,3006.709
12972.000,2848.461
12973.000,3006.709
12974.000,2769.337
12975.000,3006.709
12976.000,2769.337
12977.000,3006.709
12978.000,2848.461
12979.000,3006.709
12980.000,2848.461
12981.000,3006.709
12982.000,2769.337
12983.000,3006.709
12984.000,2769.337
12985.000,3006.709
12986.000,2848.461
12987.000,3006.709
12988.000,2848.461
12989.000,3006.709
12990.000,2769.337
12991.000,3006.709
12992.000,2769.337
12993.000,3006.709
12994.000,2848.461
12995.000,3006.709
12996.000,2848.461
12997.000,3006.709
12998.000,2769.337
12999.000,3006.709
13000.000,2769.337
13001.000,3006.709
13002.000,2769.337
13003.000,3006.709
13004.000,2848.461
13005.000,3006.709
13006.000,2848.461
13007.000,3006.709
13008.000,2769.337
13009.000,3006.709
13010.000,2769.337
13011.000,3006.709
13012.000,2848.461
13013.000,3006.709
13014.000,2848.461
13015.000,3006.709
13016.000,2769.337
13017.000,3006.709
13018.000,2769.337
13019.000,3006.709
13020.000,2848.461
13021.000,3006.709
13022.000,2848.461
13023.000,3006.709
13024.000,2769.337
13025.000,3006.709
13026.000,2769.337
13027.000,3006.709
13028.000,2848.461
13029.000,3006.709
13030.000,2848.461
13031.000,3006.709
13032.000,2769.337
13033.000,2927.585
13034.000,2769.337
13035.000,3006.709
13036.000,2848.461
13037.000,3006.709
13038.000,2848.461
13039.000,3006.709
13040.000,2769.337
13041.000,2927.585
13042.000,2769.337
13043.000,3006.709
13044.000,2848.461
13045.000,3006.709
13046.000,2848.461
13047.000,3006.709
13048.000,2769.337
13049.000,2927.585
13050.000,2769.337
13051.000,3006.709
13052.000,2769.337
13053.000,3006.709
13054.000,2848.461
13055.000,3006.709
13056.000,2848.461
13057.000,3006.709
13058.000,2769.337
13059.000,2927.585
13060.000,2769.337
13061.000,3006.709
13062.000,2848.461
13063.000,3006.709
13064.000,2848.461
13065.000,3006.709
13066.000,2769.337
13067.000,2927.585
13068.000,2769.337
13069.000,3006.709
13070.000,2848.461
13071.000,3006.709
13072.000,2848.461
13073.000,3006.709
13074.000,2769.337
13075.000,2927.585
13076.000,2769.337
13077.000,3006.709
13078.000,2848.461
13079.000,3006.709
13080.000,2848.461
13081.000,3006.709
13082.000,2769.337
13083.000,3006.709
13084.000,2769.337
13085.000,3006.709
13086.000,2769.337
13087.000,3006.709
13088.000,2848.461
13089.000,3006.709
13090.000,2769.337
13091.000,3006.709
13092.000,2769.337
13093.000,3006.709
13094.000,2769.337
13095.000,3006.709
13096.000,2848.461
13097.000,3006.709
13098.000,2769.337
13099.000,3006.709
13100.000,2769.337
13101.000,3006.709
13102.000,2769.337
13103.000,3006.709
13104.000,2848.461
13105.000,3006.709
13106.000,2769.337
13107.000,3006.709
13108.000,2769.337
13109.000,3006.709
13110.000,2769.337
13111.000,3006.709
13112.000,2848.461
13113.000,3006.709
13114.000,2848.461
13115.000,3006.709
13116.000,2769.337
13117.000,2927.585
13118.000,2769.337
13119.000,3006.709
13120.000,2848.461
13121.000,3006.709
13122.000,2848.461
13123.000,3006.709
13124.000,2769.337
13125.000,2927.585
13126.000,2769.337
13127.000,3006.709
13128.000,2848.461
13129.000,3006.709
13130.000,2848.461
13131.000,3006.709
13132.000,2769.337
13133.000,2927.585
13134.000,2769.337
13135.000,3006.709
13136.000,2848.461
13137.000,3006.709
13138.000,2848.461
13139.000,3006.709
13140.000,2769.337
13141.000,3006.709
13142.000,2769.337
13143.000,3006.709
13144.000,2848.461
13145.000,3006.709
13146.000,2848.461
13147.000,3006.709
13148.000,2848.461
13149.000,3006.709
13150.000,2769.337
13151.000,3006.709
13152.000,2769.337
13153.000,3006.709
13154.000,2848.461
13155.000,3006.709
13156.000,2848.461
13157.000,3006.709
13158.000,2769.337
13159.000,3006.709
13160.000,2769.337
13161.000,3006.709
13162.000,2848.461
13163.000,3006.709
13164.000,2848.461
13165.000,3006.709
13166.000,2769.337
13167.000,2927.585
13168.000,2769.337
13169.000,3006.709
13170.000,2848.461
13171.000,3006.709
13172.000,2848.461
13173.000,3006.709
13174.000,2769.337
13175.000,2927.585
13176.000,2769.337
13177.000,3006.709
13178.000,2848.461
13179.000,3006.709
13180.000,2848.461
13181.000,3006.709
13182.000,2769.337
13183.000,3006.709
13184.000,2769.337
13185.000,3006.709
13186.000,2848.461
13187.000,3006.709
13188.000,2848.461
13189.000,3006.709
13190.000,2769.337
13191.000,3006.709
13192.000,2769.337
13193.000,3006.709
13194.000,2769.337
13195.000,3006.709
13196.000,2848.461
13197.000,3006.709
13198.000,2848.461
13199.000,3006.709
13200.000,2769.337
13201.000,3006.709
13202.000,2769.337
13203.000,3006.709
13204.000,2848.461
13205.000,3006.709
13206.000,2848.461
13207.000,3006.709
13208.000,2769.337
13209.000,3006.709
13210.000,2769.337
13211.000,3006.709
13212.000,2848.461
13213.000,3006.709
13214.000,2848.461
13215.000,3006.709
13216.000,2769.337
13217.000,3006.709
13218.000,2769.337
13219.000,3006.709
13220.000,2848.461
13221.000,3006.709
13222.000,2848.461
13223.000,3006.709
13224.000,2769.337
13225.000,3006.709
13226.000,2769.337
13227.000,3006.709
13228.000,2848.461
13229.000,3006.709
13230.000,2848.461
13231.000,3006.709
13232.000,2769.337
13233.000,3006.709
13234.000,2769.337
13235.000,3006.709
13236.000,2848.461
13237.000,3006.709
13238.000,2848.461
13239.000,3006.709
13240.000,2769.337
13241.000,3006.709
13242.000,2769.337
13243.000,3006.709
13244.000,2848.461
13245.000,3006.709
13246.000,2848.461
13247.000,3006.709
13248.000,2848.461
13249.000,3006.709
13250.000,2769.337
13251.000,3006.709
13252.000,2769.337
13253.000,3006.709
13254.000,2848.461
13255.000,3006.709
13256.000,2848.461
13257.000,3006.709
13258.000,2769.337
13259.000,3006.709
13260.000,2769.337
13261.000,3006.709
13262.000,2848.461
13263.000,3006.709
13264.000,2848.461
13265.000,3006.709
13266.000,2769.337
13267.000,3006.709
13268.000,2769.337
13269.000,3006.709
13270.000,2848.461
13271.000,3006.709
13272.000,2848.461
13273.000,3006.709
13274.000,2769.337
13275.000,2927.585
13276.000,2769.337
13277.000,3006.709
13278.000,2848.461
13279.000,3006.709
13280.000,2848.461
13281.000,3006.709
13282.000,2769.337
13283.000,3006.709
13284.000,2769.337
13285.000,3006.709
13286.000,2848.461
13287.000,3006.709
13288.000,2848.461
13289.000,3006.709
13290.000,2769.337
13291.000,2927.585
13292.000,2769.337
13293.000,3006.709
13294.000,2848.461
13295.000,3006.709
13296.000,2848.461
13297.000,3006.709
13298.000,2848.461
13299.000,3006.709
13300.000,2769.337
13301.000,3006.709
13302.000,2769.337
13303.000,3006.709
13304.000,2848.461
13305.000,3006.709
13306.000,2848.461
13307.000,3006.709
13308.000,2769.337
13309.000,2927.585
13310.000,2769.337
13311.000,3006.709
13312.000,2848.461
13313.000,3006.709
13314.000,2848.461
13315.000,3006.709
13316.000,2769.337
13317.000,2927.585
13318.000,2769.337
13319.000,3006.709
13320.000,2848.461
13321.000,3006.709
13322.000,2848.461
13323.000,3006.709
13324.000,2769.337
13325.000,3006.709
13326.000,2769.337
13327.000,3006.709
13328.000,2848.461
13329.000,3006.709
13330.000,2848.461
13331.000,3006.709
13332.000,2769.337
13333.000,3006.709
13334.000,2769.337
13335.000,3006.709
13336.000,2848.461
13337.000,3006.709
13338.000,2848.461
13339.000,3006.709
13340.000,2769.337
13341.000,2927.585
13342.000,2769.337
13343.000,3006.709
13344.000,2848.461
13345.000,3006.709
13346.000,2848.461
13347.000,3006.709
13348.000,2848.461
13349.000,3006.709
13350.000,2769.337
13351.000,3006.709
13352.000,2769.337
13353.000,3006.709
13354.000,2848.461
13355.000,3006.709
13356.000,2848.461
13357.000,3006.709
13358.000,2769.337
13359.000,2927.585
13360.000,2769.337
13361.000,3006.709
13362.000,2848.461
13363.000,3006.709
13364.000,2848.461
13365.000,3006.709
13366.000,2769.337
13367.000,2927.585
13368.000,2769.337
13369.000,3006.709
13370.000,2848.461
13371.000,3006.709
13372.000,2848.461
13373.000,3006.709
13374.000,2769.337
13375.000,2927.585
13376.000,2769.337
13377.000,3006.709
13378.000,2848.461
13379.000,3006.709
13380.000,2848.461
13381.000,3006.709
13382.000,2769.337
13383.000,3006.709
13384.000,2769.337
13385.000,3006.709
13386.000,2848.461
13387.000,3006.709
13388.000,2848.461
13389.000,3006.709
13390.000,2769.337
13391.000,3006.709
13392.000,2769.337
13393.000,3006.709
13394.000,2848.461
13395.000,3006.709
13396.000,2848.461
13397.000,3006.709
13398.000,2769.337
13399.000,3006.709
13400.000,2769.337
13401.000,3006.709
13402.000,2848.461
13403.000,3006.709
13404.000,2848.461
13405.000,3006.709
13406.000,2848.461
13407.000,3006.709
13408.000,2769.337
13409.000,2927.585
13410.000,2769.337
13411.000,3006.709
13412.000,2848.461
13413.000,3006.709
13414.000,2848.461
13415.000,3006.709
13416.000,2769.337
13417.000,2927.585
13418.000,2769.337
13419.000,3006.709
13420.000,2848.461
13421.000,3006.709
13422.000,2848.461
13423.000,3006.709
13424.000,2769.337
13425.000,2927.585
13426.000,2769.337
13427.000,3006.709
13428.000,2848.461
13429.000,3006.709
13430.000,2848.461
13431.000,3006.709
13432.000,2769.337
13433.000,3006.709
13434.000,2769.337
13435.000,3006.709
13436.000,2848.461
13437.000,3006.709
13438.000,2848.461
13439.000,3006.709
13440.000,2848.461
13441.000,3006.709
13442.000,2769.337
13443.000,3006.709
13444.000,2769.337
13445.000,3006.709
13446.000,2848.461
13447.000,3006.709
13448.000,2848.461
13449.000,3006.709
13450.000,2769.337
13451.000,3006.709
13452.000,2769.337
13453.000,3006.709
13454.000,2848.461
13455.000,3006.709
13456.000,2848.461
13457.000,3006.709
13458.000,2769.337
13459.000,3006.709
13460.000,2769.337
13461.000,3006.709
13462.000,2848.461
13463.000,3006.709
13464.000,2769.337
13465.000,3006.709
13466.000,2769.337
13467.000,3006.709
13468.000,2769.337
13469.000,3006.709
13470.000,2848.461
13471.000,3006.709
13472.000,2848.461
13473.000,3006.709
13474.000,2769.337
13475.000,2927.585
13476.000,2769.337
13477.000,3006.709
13478.000,2848.461
13479.000,3006.709
13480.000,2848.461
13481.000,3006.709
13482.000,2769.337
13483.000,2927.585
13484.000,2769.337
13485.000,3006.709
13486.000,2848.461
13487.000,3006.709
13488.000,2848.461
13489.000,3006.709
13490.000,2769.337
13491.000,2927.585
13492.000,2769.337
13493.000,3006.709
13494.000,2848.461
13495.000,3006.709
13496.000,2848.461
13497.000,3006.709
13498.000,2848.461
13499.000,3006.709
13500.000,2769.337
13501.000,3006.709
13502.000,2769.337
13503.000,3006.709
13504.000,2848.461
13505.000,3006.709
13506.000,2848.461
13507.000,3006.709
13508.000,2769.337
13509.000,3006.709
13510.000,2769.337
13511.000,3006.709
13512.000,2848.461
13513.000,3006.709
13514.000,2848.461
13515.000,3006.709
13516.000,2769.337
13517.000,3006.709
13518.000,2769.337
13519.000,3006.709
13520.000,2848.461
13521.000,3006.709
13522.000,2848.461
13523.000,3006.709
13524.000,2769.337
13525.000,2927.585
13526.000,2769.337
13527.000,3006.709
13528.000,2848.461
13529.000,3006.709
13530.000,2848.461
13531.000,3006.709
13532.000,2769.337
13533.000,2927.585
13534.000,2769.337
13535.000,3006.709
13536.000,2848.461
13537.000,3006.709
13538.000,2848.461
13539.000,3006.709
13540.000,2769.337
13541.000,2927.585
13542.000,2769.337
13543.000,3006.709
13544.000,2848.461
13545.000,3006.709
13546.000,2848.461
13547.000,3006.709
13548.000,2769.337
13549.000,3006.709
13550.000,2769.337
13551.000,3006.709
13552.000,2769.337
13553.000,3006.709
13554.000,2848.461
13555.000,3006.709
13556.000,2848.461
13557.000,3006.709
13558.000,2769.337
13559.000,3006.709
13560.000,2769.337
13561.000,3006.709
13562.000,2848.461
13563.000,3006.709
13564.000,2848.461
13565.000,3006.709
13566.000,2769.337
13567.000,2927.585
13568.000,2769.337
13569.000,3006.709
13570.000,2848.461
13571.000,3006.709
13572.000,2848.461
13573.000,3006.709
13574.000,2769.337
13575.000,3006.709
13576.000,2769.337
13577.000,3006.709
13578.000,2848.461
13579.000,3006.709
13580.000,2848.461
13581.000,3006.709
13582.000,2769.337
13583.000,3006.709
13584.000,2769.337
13585.000,3006.709
13586.000,2848.461
13587.000,3006.709
13588.000,2848.461
13589.000,3006.709
13590.000,2769.337
13591.000,3006.709
13592.000,2769.337
13593.000,3006.709
13594.000,2848.461
13595.000,3006.709
13596.000,2848.461
13597.000,3006.709
13598.000,2769.337
13599.000,3006.709
13600.000,2769.337
13601.000,3006.709
13602.000,2848.461
13603.000,3006.709
13604.000,2848.461
13605.000,3006.709
13606.000,2769.337
13607.000,3006.709
13608.000,2769.337
13609.000,3006.709
13610.000,2769.337
13611.000,3006.709
13612.000,2848.461
13613.000,3006.709
13614.000,2848.461
13615.000,3006.709
13616.000,2769.337
13617.000,2927.585
13618.000,2769.337
13619.000,3006.709
13620.000,2848.461
13621.000,3006.709
13622.000,2848.461
13623.000,3006.709
13624.000,2769.337
13625.000,2927.585
13626.000,2769.337
13627.000,3006.709
13628.000,2848.461
13629.000,3006.709
13630.000,2848.461
13631.000,3006.709
13632.000,2769.337
13633.000,2927.585
13634.000,2769.337
13635.000,3006.709
13636.000,2848.461
13637.000,3006.709
13638.000,2848.461
13639.000,3006.709
13640.000,2769.337
13641.000,3006.709
13642.000,2769.337
13643.000,3006.709
13644.000,2848.461
13645.000,3006.709
13646.000,2848.461
13647.000,3006.709
13648.000,2769.337
13649.000,3006.709
13650.000,2769.337
13651.000,3006.709
13652.000,2769.337
13653.000,3006.709
13654.000,2848.461
13655.000,3006.709
13656.000,2848.461
13657.000,3006.709
13658.000,2769.337
13659.000,3006.709
13660.000,2769.337
13661.000,3006.709
13662.000,2848.461
13663.000,3006.709
13664.000,2848.461
13665.000,3006.709
13666.000,2769.337
13667.000,2927.585
13668.000,2769.337
13669.000,3006.709
13670.000,2848.461
13671.000,3006.709
13672.000,2848.461
13673.000,3006.709
13674.000,2769.337
13675.000,2927.585
13676.000,2769.337
13677.000,3006.709
13678.000,2848.461
13679.000,3006.709
13680.000,2848.461
13681.000,3006.709
13682.000,2769.337
13683.000,3006.709
13684.000,2769.337
13685.000,3006.709
13686.000,2848.461
13687.000,3006.709
13688.000,2848.461
13689.000,3006.709
13690.000,2769.337
13691.000,3006.709
13692.000,2769.337
13693.000,3006.709
13694.000,2848.461
13695.000,3006.709
13696.000,2848.461
13697.000,3006.709
13698.000,2769.337
13699.000,3006.709
13700.000,2769.337
13701.000,3006.709
13702.000,2848.461
13703.000,3006.709
13704.000,2848.461
13705.000,3006.709
13706.000,2769.337
13707.000,3006.709
13708.000,2769.337
13709.000,3006.709
13710.000,2769.337
13711.000,3006.709
13712.000,2848.461
13713.000,3006.709
13714.000,2848.461
13715.000,3006.709
13716.000,2769.337
13717.000,2927.585
13718.000,2769.337
13719.000,3006.709
13720.000,2848.461
13721.000,3006.709
13722.000,2848.461
13723.000,3006.709
13724.000,2769.337
13725.000,2927.585
13726.000,2769.337
13727.000,3006.709
13728.000,2848.461
13729.000,3006.709
13730.000,2848.461
13731.000,3006.709
13732.000,2769.337
13733.000,2927.585
13734.000,2769.337
13735.000,3006.709
13736.000,2848.461
13737.000,3006.709
13738.000,2848.461
13739.000,3006.709
13740.000,2769.337
13741.000,3006.709
13742.000,2769.337
13743.000,3006.709
13744.000,2769.337
13745.000,3006.709
13746.000,2848.461
13747.000,3006.709
13748.000,2769.337
13749.000,3006.709
13750.000,2769.337
13751.000,3006.709
13752.000,2769.337
13753.000,3006.709
13754.000,2848.461
13755.000,3006.709
13756.000,2769.337
13757.000,3006.709
13758.000,2769.337
13759.000,3006.709
13760.000,2769.337
13761.000,3006.709
13762.000,2848.461
13763.000,3006.709
13764.000,2848.461
13765.000,3006.709
13766.000,2769.337
13767.000,3006.709
13768.000,2769.337
13769.000,3006.709
13770.000,2848.461
13771.000,3006.709
13772.000,2848.461
13773.000,3006.709
13774.000,2769.337
13775.000,2927.585
13776.000,2769.337
13777.000,3006.709
13778.000,2848.461
13779.000,3006.709
13780.000,2848.461
13781.000,3006.709
13782.000,2769.337
13783.000,3006.709
13784.000,2769.337
13785.000,3006.709
13786.000,2848.461
13787.000,3006.709
13788.000,2848.461
13789.000,3006.709
13790.000,2769.337
13791.000,3006.709
13792.000,2769.337
13793.000,3006.709
13794.000,2848.461
13795.000,3006.709
13796.000,2848.461
13797.000,3006.709
13798.000,2769.337
13799.000,3006.709
13800.000,2769.337
13801.000,3006.709
13802.000,2769.337
13803.000,3006.709
13804.000,2848.461
13805.000,3006.709
13806.000,2769.337
13807.000,3006.709
13808.000,2769.337
13809.000,3006.709
13810.000,2769.337
13811.000,3006.709
13812.000,2848.461
13813.000,3006.709
13814.000,2769.337
13815.000,3006.709
13816.000,2769.337
13817.000,3006.709
13818.000,2769.337
13819.000,3006.709
13820.000,2848.461
13821.000,3006.709
13822.000,2848.461
13823.000,3006.709
13824.000,2769.337
13825.000,3006.709
13826.000,2769.337
13827.000,3006.709
13828.000,2848.461
13829.000,3006.709
13830.000,2848.461
13831.000,3006.709
13832.000,2769.337
13833.000,2927.585
13834.000,2769.337
13835.000,3006.709
13836.000,2848.461
13837.000,3006.709
13838.000,2848.461
13839.000,3006.709
13840.000,2769.337
13841.000,2927.585
13842.000,2769.337
13843.000,3006.709
13844.000,2848.461
13845.000,3006.709
13846.000,2848.461
13847.000,3006.709
13848.000,2769.337
13849.000,3006.709
13850.000,2769.337
13851.000,3006.709
13852.000,2769.337
13853.000,3006.709
13854.000,2848.461
13855.000,3006.709
13856.000,2848.461
13857.000,3006.709
13858.000,2769.337
13859.000,3006.709
13860.000,2769.337
13861.000,3006.709
13862.000,2848.461
13863.000,3006.709
13864.000,2848.461
13865.000,3006.709
13866.000,2769.337
13867.000,3006.709
13868.000,2769.337
13869.000,3006.709
13870.000,2848.461
13871.000,3006.709
13872.000,2848.461
13873.000,3006.709
13874.000,2769.337
13875.000,3006.709
13876.000,2769.337
13877.000,3006.709
13878.000,2848.461
13879.000,3006.709
13880.000,2848.461
13881.000,3006.709
13882.000,2769.337
13883.000,3006.709
13884.000,2769.337
13885.000,3006.709
13886.000,2848.461
13887.000,3006.709
13888.000,2848.461
13889.000,3006.709
13890.000,2769.337
13891.000,3006.709
13892.000,2769.337
13893.000,3006.709
13894.000,2848.461
13895.000,3006.709
13896.000,2848.461
13897.000,3006.709
13898.000,2769.337
13899.000,3006.709
13900.000,2769.337
13901.000,3006.709
13902.000,2848.461
13903.000,3006.709
13904.000,2848.461
13905.000,3006.709
13906.000,2769.337
13907.000,3006.709
13908.000,2769.337
13909.000,3006.709
13910.000,2769.337
13911.000,3006.709
13912.000,2848.461
13913.000,3006.709
13914.000,2848.461
13915.000,3006.709
13916.000,2769.337
13917.000,3006.709
13918.000,2769.337
13919.000,3006.709
13920.000,2848.461
13921.000,3006.709
13922.000,2848.461
13923.000,3006.709
13924.000,2769.337
13925.000,3006.709
13926.000,2769.337
13927.000,3006.709
13928.000,2848.461
13929.000,3006.709
13930.000,2848.461
13931.000,3006.709
13932.000,2769.337
13933.000,3006.709
13934.000,2769.337
13935.000,3006.709
13936.000,2848.461
13937.000,3006.709
13938.000,2848.461
13939.000,3006.709
13940.000,2769.337
13941.000,3006.709
13942.000,2769.337
13943.000,3006.709
13944.000,2848.461
13945.000,3006.709
13946.000,2848.461
13947.000,3006.709
13948.000,2769.337
13949.000,3006.709
13950.000,2769.337
13951.000,3006.709
13952.000,2769.337
13953.000,3006.709
13954.000,2848.461
13955.000,3006.709
13956.000,2769.337
13957.000,3006.709
13958.000,2769.337
13959.000,3006.709
13960.000,2769.337
13961.000,3006.709
13962.000,2848.461
13963.000,3006.709
13964.000,2848.461
13965.000,3006.709
13966.000,2769.337
13967.000,3006.709
13968.000,2769.337
13969.000,3006.709
13970.000,2848.461
13971.000,3006.709
13972.000,2848.461
13973.000,3006.709
13974.000,2769.337
13975.000,2927.585
13976.000,2769.337
13977.000,3006.709
13978.000,2848.461
13979.000,3006.709
13980.000,2848.461
13981.000,3006.709
13982.000,2769.337
13983.000,3006.709
13984.000,2769.337
13985.000,3006.709
13986.000,2769.337
13987.000,3006.709
13988.000,2848.461
13989.000,3006.709
13990.000,2769.337
13991.000,3006.709
13992.000,2769.337
13993.000,3006.709
13994.000,2769.337
13995.000,3006.709
13996.000,2848.461
13997.000,3006.709
13998.000,2769.337
13999.000,3006.709
14000.000,2769.337
14001.000,3006.709
14002.000,2769.337
14003.000,3006.709
14004.000,2848.461
14005.000,3006.709
14006.000,2848.461
14007.000,3006.709
14008.000,2769.337
14009.000,3006.709
14010.000,2769.337
14011.000,3006.709
14012.000,2848.461
14013.000,3006.709
14014.000,2769.337
14015.000,3006.709
14016.000,2769.337
14017.000,3006.709
14018.000,2769.337
14019.000,3006.709
14020.000,2848.461
14021.000,3006.709
14022.000,2848.461
14023.000,3006.709
14024.000,2769.337
14025.000,3006.709
14026.000,2769.337
14027.000,3006.709
14028.000,2848.461
14029.000,3006.709
14030.000,2848.461
14031.000,3006.709
14032.000,2769.337
14033.000,3006.709
14034.000,2769.337
14035.000,3006.709
14036.000,2848.461
14037.000,3006.709
14038.000,2848.461
14039.000,3006.709
14040.000,2769.337
14041.000,3006.709
14042.000,2769.337
14043.000,3006.709
14044.000,2769.337
14045.000,3006.709
14046.000,2848.461
14047.000,3006.709
14048.000,2769.337
14049.000,3006.709
14050.000,2769.337
14051.000,3006.709
14052.000,2769.337
14053.000,3006.709
14054.000,2848.461
14055.000,3006.709
14056.000,2848.461
14057.000,3006.709
14058.000,2769.337
14059.000,3006.709
14060.000,2769.337
14061.000,3006.709
14062.000,2848.461
14063.000,3006.709
14064.000,2769.337
14065.000,3006.709
14066.000,2769.337
14067.000,3006.709
14068.000,2769.337
14069.000,3006.709
14070.000,2848.461
14071.000,3006.709
14072.000,2848.461
14073.000,3006.709
14074.000,2769.337
14075.000,3006.709
14076.000,2769.337
14077.000,3006.709
14078.000,2848.461
14079.000,3006.709
14080.000,2848.461
14081.000,3006.709
14082.000,2769.337
14083.000,3006.709
14084.000,2769.337
14085.000,3006.709
14086.000,2848.461
14087.000,3006.709
14088.000,2848.461
14089.000,3006.709
14090.000,2769.337
14091.000,3006.709
14092.000,2769.337
14093.000,3006.709
14094.000,2769.337
14095.000,3006.709
14096.000,2848.461
14097.000,3006.709
14098.000,2769.337
14099.000,3006.709
14100.000,2769.337
14101.000,3006.709
14102.000,2769.337
14103.000,3006.709
14104.000,2848.461
14105.000,3006.709
14106.000,2848.461
14107.000,3006.709
14108.000,2769.337
14109.000,3006.709
14110.000,2769.337
14111.000,3006.709
14112.000,2848.461
14113.000,3006.709
14114.000,2848.461
14115.000,3006.709
14116.000,2769.337
14117.000,3006.709
14118.000,2769.337
14119.000,3006.709
14120.000,2848.461
14121.000,3006.709
14122.000,2848.461
14123.000,3006.709
14124.000,2769.337
14125.000,3006.709
14126.000,2769.337
14127.000,3006.709
14128.000,2848.461
14129.000,3006.709
14130.000,2848.461
14131.000,3006.709
14132.000,2769.337
14133.000,3006.709
14134.000,2769.337
14135.000,3006.709
14136.000,2848.461
14137.000,3006.709
14138.000,2848.461
14139.000,3006.709
14140.000,2769.337
14141.000,3006.709
14142.000,2769.337
14143.000,3006.709
14144.000,2769.337
14145.000,3006.709
14146.000,2848.461
14147.000,3006.709
14148.000,2769.337
14149.000,3006.709
14150.000,2769.337
14151.000,3006.709
14152.000,2769.337
14153.000,3006.709
14154.000,2848.461
14155.000,3006.709
14156.000,2848.461
14157.000,3006.709
14158.000,2769.337
14159.000,3006.709
14160.000,2769.337
14161.000,3006.709
14162.000,2848.461
14163.000,3006.709
14164.000,2848.461
14165.000,3006.709
14166.000,2769.337
14167.000,3006.709
14168.000,2769.337
14169.000,3006.709
14170.000,2848.461
14171.000,3006.709
14172.000,2848.461
14173.000,3006.709
14174.000,2769.337
14175.000,3006.709
14176.000,2769.337
14177.000,3006.709
14178.000,2848.461
14179.000,3006.709
14180.000,2848.461
14181.000,3006.709
14182.000,2769.337
14183.000,3006.709
14184.000,2769.337
14185.000,3006.709
14186.000,2848.461
14187.000,3006.709
14188.000,2848.461
14189.000,3006.709
14190.000,2769.337
14191.000,3006.709
14192.000,2769.337
14193.000,3006.709
14194.000,2848.461
14195.000,3006.709
14196.000,2848.461
14197.000,3006.709
14198.000,2769.337
14199.000,3006.709
14200.000,2769.337
14201.000,3006.709
14202.000,2769.337
14203.000,3006.709
14204.000,2848.461
14205.000,3006.709
14206.000,2848.461
14207.000,3006.709
14208.000,2769.337
14209.000,3006.709
14210.000,2769.337
14211.000,3006.709
14212.000,2848.461
14213.000,3006.709
14214.000,2848.461
14215.000,3006.709
14216.000,2769.337
14217.000,2927.585
14218.000,2769.337
14219.000,3006.709
14220.000,2848.461
14221.000,3006.709
14222.000,2848.461
14223.000,3006.709
14224.000,2769.337
14225.000,3006.709
14226.000,2769.337
14227.000,3006.709
14228.000,2769.337
14229.000,3006.709
14230.000,2848.461
14231.000,3006.709
14232.000,2769.337
14233.000,3006.709
14234.000,2769.337
14235.000,3006.709
14236.000,2769.337
14237.000,3006.709
14238.000,2848.461
14239.000,3006.709
14240.000,2769.337
14241.000,3006.709
14242.000,2769.337
14243.000,3006.709
14244.000,2769.337
14245.000,3006.709
14246.000,2848.461
14247.000,3006.709
14248.000,2769.337
14249.000,3006.709
14250.000,2769.337
14251.000,3006.709
14252.000,2769.337
14253.000,3006.709
14254.000,2848.461
14255.000,3006.709
14256.000,2848.461
14257.000,3006.709
14258.000,2769.337
14259.000,3006.709
14260.000,2769.337
14261.000,3006.709
14262.000,2848.461
14263.000,3006.709
14264.000,2848.461
14265.000,3006.709
14266.000,2769.337
14267.000,3006.709
14268.000,2769.337
14269.000,3006.709
14270.000,2848.461
14271.000,3006.709
14272.000,2848.461
14273.000,3006.709
14274.000,2769.337
14275.000,3006.709
14276.000,2769.337
14277.000,3006.709
14278.000,2848.461
14279.000,3006.709
14280.000,2848.461
14281.000,3006.709
14282.000,2769.337
14283.000,3006.709
14284.000,2769.337
14285.000,3006.709
14286.000,2769.337
14287.000,3006.709
14288.000,2848.461
14289.000,3006.709
14290.000,2769.337
14291.000,3006.709
14292.000,2769.337
14293.000,3006.709
14294.000,2769.337
14295.000,3006.709
14296.000,2848.461
14297.000,3006.709
14298.000,2848.461
14299.000,3006.709
14300.000,2769.337
14301.000,3006.709
14302.000,2769.337
14303.000,3006.709
14304.000,2848.461
14305.000,3006.709
14306.000,2848.461
14307.000,3006.709
14308.000,2769.337
14309.000,3006.709
14310.000,2769.337
14311.000,3006.709
14312.000,2848.461
14313.000,3006.709
14314.000,2848.461
14315.000,3006.709
14316.000,2769.337
14317.000,3006.709
14318.000,2769.337
14319.000,3006.709
14320.000,2848.461
14321.000,3006.709
14322.000,2848.461
14323.000,3006.709
14324.000,2769.337
14325.000,3006.709
14326.000,2769.337
14327.000,3006.709
14328.000,2848.461
14329.000,3006.709
14330.000,2848.461
14331.000,3006.709
14332.000,2769.337
14333.000,3006.709
14334.000,2769.337
14335.000,3006.709
14336.000,2769.337
14337.000,3006.709
14338.000,2848.461
14339.000,3006.709
14340.000,2769.337
14341.000,3006.709
14342.000,2769.337
14343.000,3006.709
14344.000,2769.337
14345.000,3006.709
14346.000,2848.461
14347.000,3006.709
14348.000,2848.461
14349.000,3006.709
14350.000,2769.337
14351.000,3006.709
14352.000,2769.337
14353.000,3006.709
14354.000,2848.461
14355.000,3006.709
14356.000,2848.461
14357.000,3006.709
14358.000,2769.337
14359.000,3006.709
14360.000,2769.337
14361.000,3006.709
14362.000,2848.461
14363.000,3006.709
14364.000,2848.461
14365.000,3006.709
14366.000,2769.337
14367.000,3006.709
14368.000,2769.337
14369.000,3006.709
14370.000,2848.461
14371.000,3006.709
14372.000,2848.461
14373.000,3006.709
14374.000,2769.337
14375.000,3006.709
14376.000,2769.337
14377.000,3006.709
14378.000,2848.461
14379.000,3006.709
14380.000,2848.461
14381.000,3006.709
14382.000,2769.337
14383.000,3006.709
14384.000,2769.337
14385.000,3006.709
14386.000,2848.461
14387.000,3006.709
14388.000,2848.461
14389.000,3006.709
14390.000,2769.337
14391.000,3006.709
14392.000,2769.337
14393.000,3006.709
14394.000,2769.337
14395.000,3006.709
14396.000,2848.461
14397.000,3006.709
14398.000,2769.337
14399.000,3006.709
14400.000,2769.337
14401.000,3006.709
14402.000,2769.337
14403.000,3006.709
14404.000,2848.461
14405.000,3006.709
14406.000,2848.461
14407.000,3006.709
14408.000,2769.337
14409.000,2927.585
14410.000,2769.337
14411.000,3006.709
14412.000,2848.461
14413.000,3006.709
14414.000,2848.461
14415.000,3006.709
14416.000,2769.337
14417.000,3006.709
14418.000,2769.337
14419.000,3006.709
14420.000,2848.461
14421.000,3006.709
14422.000,2848.461
14423.000,3006.709
14424.000,2769.337
14425.000,3006.709
14426.000,2769.337
14427.000,3006.709
14428.000,2769.337
14429.000,3006.709
14430.000,2848.461
14431.000,3006.709
14432.000,2769.337
14433.000,3006.709
14434.000,2769.337
14435.000,3006.709
14436.000,2769.337
14437.000,3006.709
14438.000,2848.461
14439.000,3006.709
14440.000,2769.337
14441.000,3006.709
14442.000,2769.337
14443.000,3006.709
14444.000,2769.337
14445.000,3006.709
14446.000,2848.461
14447.000,3006.709
14448.000,2848.461
14449.000,3006.709
14450.000,2769.337
14451.000,3006.709
14452.000,2769.337
14453.000,3006.709
14454.000,2848.461
14455.000,3006.709
14456.000,2848.461
14457.000,3006.709
14458.000,2769.337
14459.000,3006.709
14460.000,2769.337
14461.000,3006.709
14462.000,2848.461
14463.000,3006.709
14464.000,2848.461
14465.000,3006.709
14466.000,2769.337
14467.000,3006.709
14468.000,2769.337
14469.000,3006.709
14470.000,2848.461
14471.000,3006.709
14472.000,2848.461
14473.000,3006.709
14474.000,2769.337
14475.000,3006.709
14476.000,2769.337
14477.000,3006.709
14478.000,2848.461
14479.000,3006.709
14480.000,2848.461
14481.000,3006.709
14482.000,2769.337
14483.000,3006.709
14484.000,2769.337
14485.000,3006.709
14486.000,2769.337
14487.000,3006.709
14488.000,2848.461
14489.000,3006.709
14490.000,2769.337
14491.000,3006.709
14492.000,2769.337
14493.000,3006.709
14494.000,2769.337
14495.000,3006.709
14496.000,2848.461
14497.000,3006.709
14498.000,2769.337
14499.000,3006.709
14500.000,2769.337
14501.000,3006.709
14502.000,2769.337
14503.000,3006.709
14504.000,2848.461
14505.000,3006.709
14506.000,2848.461
14507.000,3006.709
14508.000,2769.337
14509.000,2927.585
14510.000,2769.337
14511.000,3006.709
14512.000,2848.461
14513.000,3006.709
14514.000,2848.461
14515.000,3006.709
14516.000,2769.337
14517.000,2927.585
14518.000,2769.337
14519.000,3006.709
14520.000,2848.461
14521.000,3006.709
14522.000,2848.461
14523.000,3006.709
14524.000,2769.337
14525.000,2927.585
14526.000,2769.337
14527.000,3006.709
14528.000,2848.461
14529.000,3006.709
14530.000,2848.461
14531.000,3006.709
14532.000,2769.337
14533.000,3006.709
14534.000,2769.337
14535.000,3006.709
14536.000,2769.337
14537.000,3006.709
14538.000,2848.461
14539.000,3006.709
14540.000,2848.461
14541.000,3006.709
14542.000,2769.337
14543.000,2927.585
14544.000,2769.337
14545.000,3006.709
14546.000,2848.461
14547.000,3006.709
14548.000,2848.461
14549.000,3006.709
14550.000,2769.337
14551.000,3006.709
14552.000,2769.337
14553.000,3006.709
14554.000,2848.461
14555.000,3006.709
14556.000,2848.461
14557.000,3006.709
14558.000,2769.337
14559.000,2927.585
14560.000,2769.337
14561.000,3006.709
14562.000,2848.461
14563.000,3006.709
14564.000,2848.461
14565.000,3006.709
14566.000,2769.337
14567.000,3006.709
14568.000,2769.337
14569.000,3006.709
14570.000,2848.461
14571.000,3006.709
14572.000,2848.461
14573.000,3006.709
14574.000,2769.337
14575.000,2927.585
14576.000,2769.337
14577.000,3006.709
14578.000,2769.337
14579.000,3006.709
14580.000,2848.461
14581.000,3006.709
14582.000,2769.337
14583.000,3006.709
14584.000,2769.337
14585.000,3006.709
14586.000,2769.337
14587.000,3006.709
14588.000,2848.461
14589.000,3006.709
14590.000,2848.461
14591.000,3006.709
14592.000,2769.337
14593.000,3006.709
14594.000,2769.337
14595.000,3006.709
14596.000,2848.461
14597.000,3006.709
14598.000,2848.461
14599.000,3006.709
14600.000,2769.337
14601.000,3006.709
14602.000,2769.337
14603.000,3006.709
14604.000,2848.461
14605.000,3006.709
14606.000,2848.461
14607.000,3006.709
14608.000,2769.337
14609.000,3006.709
14610.000,2769.337
14611.000,3006.709
14612.000,2848.461
14613.000,3006.709
14614.000,2848.461
14615.000,3006.709
14616.000,2769.337
14617.000,3006.709
14618.000,2769.337
14619.000,3006.709
14620.000,2848.461
14621.000,3006.709
14622.000,2848.461
14623.000,3006.709
14624.000,2769.337
14625.000,2927.585
14626.000,2769.337
14627.000,3006.709
14628.000,2848.461
14629.000,3006.709
14630.000,2848.461
14631.000,3006.709
14632.000,2769.337
14633.000,2927.585
14634.000,2769.337
14635.000,3006.709
14636.000,2769.337
14637.000,3006.709
14638.000,2848.461
14639.000,3006.709
14640.000,2769.337
14641.000,3006.709
14642.000,2769.337
14643.000,2927.585
14644.000,2769.337
14645.000,3006.709
14646.000,2848.461
14647.000,3006.709
14648.000,2848.461
14649.000,3006.709
14650.000,2769.337
14651.000,2927.585
14652.000,2769.337
14653.000,3006.709
14654.000,2848.461
14655.000,3006.709
14656.000,2848.461
14657.000,3006.709
14658.000,2769.337
14659.000,3006.709
14660.000,2769.337
14661.000,3006.709
14662.000,2848.461
14663.000,3006.709
14664.000,2848.461
14665.000,3006.709
14666.000,2769.337
14667.000,3006.709
14668.000,2769.337
14669.000,3006.709
14670.000,2848.461
14671.000,3006.709
14672.000,2848.461
14673.000,3006.709
14674.000,2769.337
14675.000,3006.709
14676.000,2769.337
14677.000,3006.709
14678.000,2848.461
14679.000,3006.709
14680.000,2848.461
14681.000,3006.709
14682.000,2769.337
14683.000,3006.709
14684.000,2769.337
14685.000,3006.709
14686.000,2848.461
14687.000,3006.709
14688.000,2848.461
14689.000,3006.709
14690.000,2769.337
14691.000,3006.709
14692.000,2769.337
14693.000,3006.709
14694.000,2769.337
14695.000,3006.709
14696.000,2848.461
14697.000,3006.709
14698.000,2769.337
14699.000,3006.709
14700.000,2769.337
14701.000,3006.709
14702.000,2769.337
14703.000,3006.709
14704.000,2848.461
14705.000,3006.709
14706.000,2848.461
14707.000,3006.709
14708.000,2769.337
14709.000,2927.585
14710.000,2769.337
14711.000,3006.709
14712.000,2848.461
14713.000,3006.709
14714.000,2848.461
14715.000,3006.709
14716.000,2769.337
14717.000,2927.585
14718.000,2769.337
14719.000,3006.709
14720.000,2848.461
14721.000,3006.709
14722.000,2848.461
14723.000,3006.709
14724.000,2769.337
14725.000,3006.709
14726.000,2769.337
14727.000,3006.709
14728.000,2848.461
14729.000,3006.709
14730.000,2848.461
14731.000,3006.709
14732.000,2769.337
14733.000,3006.709
14734.000,2769.337
14735.000,3006.709
14736.000,2848.461
14737.000,3006.709
14738.000,2848.461
14739.000,3006.709
14740.000,2769.337
14741.000,3006.709
14742.000,2769.337
14743.000,3006.709
14744.000,2769.337
14745.000,3006.709
14746.000,2848.461
14747.000,3006.709
14748.000,2769.337
14749.000,3006.709
14750.000,2769.337
14751.000,2927.585
14752.000,2769.337
14753.000,3006.709
14754.000,2848.461
14755.000,3006.709
14756.000,2848.461
14757.000,3006.709
14758.000,2769.337
14759.000,2927.585
14760.000,2769.337
14761.000,3006.709
14762.000,2848.461
14763.000,3006.709
14764.000,2848.461
14765.000,3006.709
14766.000,2769.337
14767.000,2927.585
14768.000,2769.337
14769.000,3006.709
14770.000,2848.461
14771.000,3006.709
14772.000,2848.461
14773.000,3006.709
14774.000,2769.337
14775.000,3006.709
14776.000,2769.337
14777.000,3006.709
14778.000,2848.461
14779.000,3006.709
14780.000,2848.461
14781.000,3006.709
14782.000,2769.337
14783.000,3006.709
14784.000,2769.337
14785.000,3006.709
14786.000,2769.337
14787.000,3006.709
14788.000,2848.461
14789.000,3006.709
14790.000,2769.337
14791.000,3006.709
14792.000,2769.337
14793.000,3006.709
14794.000,2769.337
14795.000,3006.709
14796.000,2848.461
14797.000,3006.709
14798.000,2848.461
14799.000,3006.709
14800.000,2769.337
14801.000,3006.709
14802.000,2769.337
14803.000,3006.709
14804.000,2848.461
14805.000,3006.709
14806.000,2848.461
14807.000,3006.709
14808.000,2769.337
14809.000,3006.709
14810.000,2769.337
14811.000,3006.709
14812.000,2848.461
14813.000,3006.709
14814.000,2848.461
14815.000,3006.709
14816.000,2769.337
14817.000,3006.709
14818.000,2769.337
14819.000,3006.709
14820.000,2848.461
14821.000,3006.709
14822.000,2848.461
14823.000,3006.709
14824.000,2769.337
14825.000,3006.709
14826.000,2769.337
14827.000,3006.709
14828.000,2848.461
14829.000,3006.709
14830.000,2848.461
14831.000,3006.709
14832.000,2769.337
14833.000,3006.709
14834.000,2769.337
14835.000,3006.709
14836.000,2848.461
14837.000,3006.709
14838.000,2848.461
14839.000,3006.709
14840.000,2769.337
14841.000,3006.709
14842.000,2769.337
14843.000,3006.709
14844.000,2769.337
14845.000,3006.709
14846.000,2848.461
14847.000,3006.709
14848.000,2769.337
14849.000,3006.709
14850.000,2769.337
14851.000,3006.709
14852.000,2769.337
14853.000,3006.709
14854.000,2848.461
14855.000,3006.709
14856.000,2848.461
14857.000,3006.709
14858.000,2769.337
14859.000,2927.585
14860.000,2769.337
14861.000,3006.709
14862.000,2848.461
14863.000,3006.709
14864.000,2848.461
14865.000,3006.709
14866.000,2769.337
14867.000,2927.585
14868.000,2769.337
14869.000,3006.709
14870.000,2848.461
14871.000,3006.709
14872.000,2848.461
14873.000,3006.709
14874.000,2769.337
14875.000,3006.709
14876.000,2769.337
14877.000,3006.709
14878.000,2848.461
14879.000,3006.709
14880.000,2848.461
14881.000,3006.709
14882.000,2769.337
14883.000,3006.709
14884.000,2769.337
14885.000,3006.709
14886.000,2769.337
14887.000,3006.709
14888.000,2848.461
14889.000,3006.709
14890.000,2769.337
14891.000,3006.709
14892.000,2769.337
14893.000,3006.709
14894.000,2769.337
14895.000,3006.709
14896.000,2848.461
14897.000,3006.709
14898.000,2848.461
14899.000,3006.709
14900.000,2769.337
14901.000,3006.709
14902.000,2769.337
14903.000,3006.709
14904.000,2848.461
14905.000,3006.709
14906.000,2848.461
14907.000,3006.709
14908.000,2769.337
14909.000,3006.709
14910.000,2769.337
14911.000,3006.709
14912.000,2848.461
14913.000,3006.709
14914.000,2848.461
14915.000,3006.709
14916.000,2769.337
14917.000,3006.709
14918.000,2769.337
14919.000,3006.709
14920.000,2848.461
14921.000,3006.709
14922.000,2848.461
14923.000,3006.709
14924.000,2769.337
14925.000,3006.709
14926.000,2769.337
14927.000,3006.709
14928.000,2848.461
14929.000,3006.709
14930.000,2848.461
14931.000,3006.709
14932.000,2769.337
14933.000,3006.709
14934.000,2769.337
14935.000,3006.709
14936.000,2769.337
14937.000,3006.709
14938.000,2848.461
14939.000,3006.709
14940.000,2769.337
14941.000,3006.709
14942.000,2769.337
14943.000,3006.709
14944.000,2769.337
14945.000,3006.709
14946.000,2848.461
14947.000,3006.709
14948.000,2769.337
14949.000,3006.709
14950.000,2769.337
14951.000,3006.709
14952.000,2769.337
14953.000,3006.709
14954.000,2848.461
14955.000,3006.709
14956.000,2848.461
14957.000,3006.709
14958.000,2769.337
14959.000,3006.709
14960.000,2769.337
14961.000,3006.709
14962.000,2848.461
14963.000,3006.709
14964.000,2848.461
14965.000,3006.709
14966.000,2769.337
14967.000,3006.709
14968.000,2769.337
14969.000,3006.709
14970.000,2848.461
14971.000,3006.709
14972.000,2848.461
14973.000,3006.709
14974.000,2769.337
14975.000,3006.709
14976.000,2769.337
14977.000,3006.709
14978.000,2848.461
14979.000,3006.709
14980.000,2848.461
14981.000,3006.709
14982.000,2769.337
14983.000,3006.709
14984.000,2769.337
14985.000,3006.709
14986.000,2848.461
14987.000,3006.709
14988.000,2848.461
14989.000,3006.709
14990.000,2769.337
14991.000,3006.709
14992.000,2769.337
14993.000,3006.709
14994.000,2769.337
14995.000,3006.709
14996.000,2848.461
14997.000,3006.709
14998.000,2769.337
14999.000,3006.709
15000.000,2769.337
15001.000,3006.709
15002.000,2769.337
15003.000,3006.709
15004.000,2848.461
15005.000,3006.709
15006.000,2848.461
15007.000,3006.709
15008.000,2769.337
15009.000,3006.709
15010.000,2769.337
15011.000,3006.709
15012.000,2848.461
15013.000,3006.709
15014.000,2848.461
15015.000,3006.709
15016.000,2769.337
15017.000,3006.709
15018.000,2769.337
15019.000,3006.709
15020.000,2848.461
15021.000,3006.709
15022.000,2848.461
15023.000,3006.709
15024.000,2769.337
15025.000,3006.709
15026.000,2769.337
15027.000,3006.709
15028.000,2769.337
15029.000,3006.709
15030.000,2848.461
15031.000,3006.709
15032.000,2769.337
15033.000,3006.709
15034.000,2769.337
15035.000,3006.709
15036.000,2769.337
15037.000,3006.709
15038.000,2848.461
15039.000,3006.709
15040.000,2769.337
15041.000,3006.709
15042.000,2769.337
15043.000,3006.709
15044.000,2848.461
15045.000,3006.709
15046.000,2848.461
15047.000,3006.709
15048.000,2769.337
15049.000,3006.709
15050.000,2769.337
15051.000,3006.709
15052.000,2769.337
15053.000,3006.709
15054.000,2848.461
15055.000,3006.709
15056.000,2769.337
15057.000,3006.709
15058.000,2769.337
15059.000,3006.709
15060.000,2769.337
15061.000,3006.709
15062.000,2848.461
15063.000,3006.709
15064.000,2848.461
15065.000,3006.709
15066.000,2769.337
15067.000,3006.709
15068.000,2769.337
15069.000,3006.709
15070.000,2848.461
15071.000,3006.709
15072.000,2848.461
15073.000,3006.709
15074.000,2769.337
15075.000,3006.709
15076.000,2769.337
15077.000,3006.709
15078.000,2848.461
15079.000,3006.709
15080.000,2848.461
15081.000,3006.709
15082.000,2769.337
15083.000,3006.709
15084.000,2769.337
15085.000,3006.709
15086.000,2769.337
15087.000,3006.709
15088.000,2848.461
15089.000,3006.709
15090.000,2769.337
15091.000,3006.709
15092.000,2769.337
15093.000,3006.709
15094.000,2769.337
15095.000,3006.709
15096.000,2848.461
15097.000,3006.709
15098.000,2769.337
15099.000,3006.709
15100.000,2769.337
15101.000,3006.709
15102.000,2769.337
15103.000,3006.709
15104.000,2848.461
15105.000,3006.709
15106.000,2769.337
15107.000,3006.709
15108.000,2769.337
15109.000,3006.709
15110.000,2769.337
15111.000,3006.709
15112.000,2848.461
15113.000,3006.709
15114.000,2848.461
15115.000,3006.709
15116.000,2769.337
15117.000,3006.709
15118.000,2769.337
15119.000,3006.709
15120.000,2848.461
15121.000,3006.709
15122.000,2848.461
15123.000,3006.709
15124.000,2769.337
15125.000,3006.709
15126.000,2769.337
15127.000,3006.709
15128.000,2769.337
15129.000,3006.709
15130.000,2848.461
15131.000,3006.709
15132.000,2769.337
15133.000,3006.709
15134.000,2769.337
15135.000,3006.709
15136.000,2769.337
15137.000,3006.709
15138.000,2848.461
15139.000,3006.709
15140.000,2769.337
15141.000,3006.709
15142.000,2769.337
15143.000,3006.709
15144.000,2769.337
15145.000,3006.709
15146.000,2848.461
15147.000,3006.709
15148.000,2769.337
15149.000,3006.709
15150.000,2769.337
15151.000,3006.709
15152.000,2769.337
15153.000,3006.709
15154.000,2848.461
15155.000,3006.709
15156.000,2769.337
15157.000,3006.709
15158.000,2769.337
15159.000,3006.709
15160.000,2769.337
15161.000,3006.709
15162.000,2848.461
15163.000,3006.709
15164.000,2769.337
15165.000,3006.709
15166.000,2769.337
15167.000,3006.709
15168.000,2769.337
15169.000,3006.709
15170.000,2848.461
15171.000,3006.709
15172.000,2848.461
15173.000,3006.709
15174.000,2769.337
15175.000,3006.709
15176.000,2769.337
15177.000,3006.709
15178.000,2848.461
15179.000,3006.709
15180.000,2848.461
15181.000,3006.709
15182.000,2769.337
15183.000,3006.709
15184.000,2769.337
15185.000,3006.709
15186.000,2848.461
15187.000,3006.709
15188.000,2848.461
15189.000,3006.709
15190.000,2769.337
15191.000,3006.709
15192.000,2769.337
15193.000,3006.709
15194.000,2769.337
15195.000,3006.709
15196.000,2848.461
15197.000,3006.709
15198.000,2769.337
15199.000,3006.709
15200.000,2769.337
15201.000,3006.709
15202.000,2769.337
15203.000,3006.709
15204.000,2848.461
15205.000,3006.709
15206.000,2848.461
15207.000,3006.709
15208.000,2769.337
15209.000,3006.709
15210.000,2769.337
15211.000,3006.709
15212.000,2848.461
15213.000,3006.709
15214.000,2848.461
15215.000,3006.709
15216.000,2769.337
15217.000,3006.709
15218.000,2769.337
15219.000,3006.709
15220.000,2848.461
15221.000,3006.709
15222.000,2848.461
15223.000,3006.709
15224.000,2769.337
15225.000,3006.709
15226.000,2769.337
15227.000,3006.709
15228.000,2769.337
15229.000,3006.709
15230.000,2848.461
15231.000,3006.709
15232.000,2769.337
15233.000,3006.709
15234.000,2769.337
15235.000,3006.709
15236.000,2769.337
15237.000,3006.709
15238.000,2848.461
15239.000,3006.709
15240.000,2769.337
15241.000,3006.709
15242.000,2769.337
15243.000,3006.709
15244.000,2769.337
15245.000,3006.709
15246.000,2848.461
15247.000,3006.709
15248.000,2769.337
15249.000,3006.709
15250.000,2769.337
15251.000,3006.709
15252.000,2769.337
15253.000,3006.709
15254.000,2848.461
15255.000,3006.709
15256.000,2769.337
15257.000,3006.709
15258.000,2769.337
15259.000,3006.709
15260.000,2769.337
15261.000,3006.709
15262.000,2769.337
15263.000,3006.709
15264.000,2769.337
15265.000,3006.709
15266.000,2769.337
15267.000,3006.709
15268.000,2769.337
15269.000,3006.709
15270.000,2848.461
15271.000,3006.709
15272.000,2848.461
15273.000,3006.709
15274.000,2769.337
15275.000,3006.709
15276.000,2769.337
15277.000,3006.709
15278.000,2848.461
15279.000,3006.709
15280.000,2848.461
15281.000,3006.709
15282.000,2769.337
15283.000,3006.709
15284.000,2769.337
15285.000,3006.709
15286.000,2769.337
15287.000,3006.709
15288.000,2848.461
15289.000,3006.709
15290.000,2769.337
15291.000,3006.709
15292.000,2769.337
15293.000,3006.709
15294.000,2769.337
15295.000,3006.709
15296.000,2848.461
15297.000,3006.709
15298.000,2769.337
15299.000,3006.709
15300.000,2769.337
15301.000,3006.709
15302.000,2769.337
15303.000,3006.709
15304.000,2848.461
15305.000,3006.709
15306.000,2848.461
15307.000,3006.709
15308.000,2769.337
15309.000,3006.709
15310.000,2769.337
15311.000,3006.709
15312.000,2848.461
15313.000,3006.709
15314.000,2848.461
15315.000,3006.709
15316.000,2769.337
15317.000,3006.709
15318.000,2769.337
15319.000,3006.709
15320.000,2769.337
15321.000,3006.709
15322.000,2848.461
15323.000,3006.709
15324.000,2769.337
15325.000,3006.709
15326.000,2769.337
15327.000,3006.709
15328.000,2769.337
15329.000,3006.709
15330.000,2848.461
15331.000,3006.709
15332.000,2769.337
15333.000,3006.709
15334.000,2769.337
15335.000,3006.709
15336.000,2769.337
15337.000,3006.709
15338.000,2848.461
15339.000,3006.709
15340.000,2769.337
15341.000,3006.709
15342.000,2769.337
15343.000,3006.709
15344.000,2769.337
15345.000,3006.709
15346.000,2848.461
15347.000,3006.709
15348.000,2848.461
15349.000,3006.709
15350.000,2769.337
15351.000,3006.709
15352.000,2769.337
15353.000,3006.709
15354.000,2848.461
15355.000,3006.709
15356.000,2848.461
15357.000,3006.709
15358.000,2769.337
15359.000,3006.709
15360.000,2769.337
15361.000,3006.709
15362.000,2848.461
15363.000,3006.709
15364.000,2848.461
15365.000,3006.709
15366.000,2769.337
15367.000,3006.709
15368.000,2769.337
15369.000,3006.709
15370.000,2769.337
15371.000,3006.709
15372.000,2848.461
15373.000,3006.709
15374.000,2769.337
15375.000,3006.709
15376.000,2769.337
15377.000,3006.709
15378.000,2769.337
15379.000,3006.709
15380.000,2848.461
15381.000,3006.709
15382.000,2769.337
15383.000,3006.709
15384.000,2769.337
15385.000,3006.709
15386.000,2769.337
15387.000,3006.709
15388.000,2848.461
15389.000,3006.709
15390.000,2769.337
15391.000,3006.709
15392.000,2769.337
15393.000,3006.709
15394.000,2769.337
15395.000,3006.709
15396.000,2848.461
15397.000,3006.709
15398.000,2769.337
15399.000,3006.709
15400.000,2769.337
15401.000,3006.709
15402.000,2769.337
15403.000,3006.709
15404.000,2848.461
15405.000,3006.709
15406.000,2769.337
15407.000,3006.709
15408.000,2769.337
15409.000,3006.709
15410.000,2769.337
15411.000,3006.709
15412.000,2848.461
15413.000,3006.709
15414.000,2848.461
15415.000,3006.709
15416.000,2769.337
15417.000,3006.709
15418.000,2769.337
15419.000,3006.709
15420.000,2848.461
15421.000,3006.709
15422.000,2848.461
15423.000,3006.709
15424.000,2769.337
15425.000,3006.709
15426.000,2769.337
15427.000,3006.709
15428.000,2769.337
15429.000,3006.709
15430.000,2848.461
15431.000,3006.709
15432.000,2769.337
15433.000,3006.709
15434.000,2769.337
15435.000,3006.709
15436.000,2769.337
15437.000,3006.709
15438.000,2848.461
15439.000,3006.709
15440.000,2848.461
15441.000,3006.709
15442.000,2769.337
15443.000,3006.709
15444.000,2769.337
15445.000,3006.709
15446.000,2848.461
15447.000,3006.709
15448.000,2848.461
15449.000,3006.709
15450.000,2769.337
15451.000,3006.709
15452.000,2769.337
15453.000,3006.709
15454.000,2769.337
15455.000,3006.709
15456.000,2848.461
15457.000,3006.709
15458.000,2769.337
15459.000,3006.709
15460.000,2769.337
15461.000,3006.709
15462.000,2769.337
15463.000,3006.709
15464.000,2848.461
15465.000,3006.709
15466.000,2769.337
15467.000,3006.709
15468.000,2769.337
15469.000,3006.709
15470.000,2769.337
15471.000,3006.709
15472.000,2848.461
15473.000,3006.709
15474.000,2769.337
15475.000,3006.709
15476.000,2769.337
15477.000,3006.709
15478.000,2769.337
15479.000,3006.709
15480.000,2848.461
15481.000,3006.709
15482.000,2769.337
15483.000,3006.709
15484.000,2769.337
15485.000,3006.709
15486.000,2769.337
15487.000,3006.709
15488.000,2848.461
15489.000,3006.709
15490.000,2769.337
15491.000,3006.709
15492.000,2769.337
15493.000,3006.709
15494.000,2769.337
15495.000,3006.709
15496.000,2848.461
15497.000,3006.709
15498.000,2848.461
15499.000,3006.709
15500.000,2769.337
15501.000,3006.709
15502.000,2769.337
15503.000,3006.709
15504.000,2848.461
15505.000,3006.709
15506.000,2848.461
15507.000,3006.709
15508.000,2769.337
15509.000,3006.709
15510.000,2769.337
15511.000,3006.709
15512.000,2769.337
15513.000,3006.709
15514.000,2848.461
15515.000,3006.709
15516.000,2769.337
15517.000,3006.709
15518.000,2769.337
15519.000,3006.709
15520.000,2769.337
15521.000,3006.709
15522.000,2848.461
15523.000,3006.709
15524.000,2769.337
15525.000,3006.709
15526.000,2769.337
15527.000,3006.709
15528.000,2769.337
15529.000,3006.709
15530.000,2848.461
15531.000,3006.709
15532.000,2769.337
15533.000,3006.709
15534.000,2769.337
15535.000,3006.709
15536.000,2769.337
15537.000,3006.709
15538.000,2848.461
15539.000,3006.709
15540.000,2769.337
15541.000,3006.709
15542.000,2769.337
15543.000,3006.709
15544.000,2769.337
15545.000,3006.709
15546.000,2848.461
15547.000,3006.709
15548.000,2769.337
15549.000,3006.709
15550.000,2769.337
15551.000,3006.709
15552.000,2769.337
15553.000,3006.709
15554.000,2848.461
15555.000,3006.709
15556.000,2848.461
15557.000,3006.709
15558.000,2769.337
15559.000,3006.709
15560.000,2769.337
15561.000,3006.709
15562.000,2848.461
15563.000,3006.709
15564.000,2848.461
15565.000,3006.709
15566.000,2769.337
15567.000,3006.709
15568.000,2769.337
15569.000,3006.709
15570.000,2769.337
15571.000,3006.709
15572.000,2848.461
15573.000,3006.709
15574.000,2769.337
15575.000,3006.709
15576.000,2769.337
15577.000,3006.709
15578.000,2769.337
15579.000,3006.709
15580.000,2848.461
15581.000,3006.709
15582.000,2848.461
15583.000,3006.709
15584.000,2769.337
15585.000,3006.709
15586.000,2769.337
15587.000,3006.709
15588.000,2848.461
15589.000,3006.709
15590.000,2769.337
15591.000,3006.709
15592.000,2769.337
15593.000,3006.709
15594.000,2769.337
15595.000,3006.709
15596.000,2848.461
15597.000,3006.709
15598.000,2769.337
15599.000,3006.709
15600.000,2769.337
15601.000,3006.709
15602.000,2769.337
15603.000,3006.709
15604.000,2848.461
15605.000,3006.709
15606.000,2769.337
15607.000,3006.709
15608.000,2769.337
15609.000,3006.709
15610.000,2769.337
15611.000,3006.709
15612.000,2848.461
15613.000,3006.709
15614.000,2848.461
15615.000,3006.709
15616.000,2769.337
15617.000,3006.709
15618.000,2769.337
15619.000,3006.709
15620.000,2769.337
15621.000,3006.709
15622.000,2848.461
15623.000,3006.709
15624.000,2769.337
15625.000,3006.709
15626.000,2769.337
15627.000,3006.709
15628.000,2769.337
15629.000,3006.709
15630.000,2848.461
15631.000,3006.709
15632.000,2769.337
15633.000,3006.709
15634.000,2769.337
15635.000,3006.709
15636.000,2769.337
15637.000,3006.709
15638.000,2848.461
15639.000,3006.709
15640.000,2769.337
15641.000,3006.709
15642.000,2769.337
15643.000,3006.709
15644.000,2769.337
15645.000,3006.709
15646.000,2848.461
15647.000,3006.709
15648.000,2848.461
15649.000,3006.709
15650.000,2769.337
15651.000,3006.709
15652.000,2769.337
15653.000,3006.709
15654.000,2848.461
15655.000,3006.709
15656.000,2848.461
15657.000,3006.709
15658.000,2769.337
15659.000,3006.709
15660.000,2769.337
15661.000,3006.709
15662.000,2848.461
15663.000,3006.709
15664.000,2848.461
15665.000,3006.709
15666.000,2769.337
15667.000,3006.709
15668.000,2769.337
15669.000,3006.709
15670.000,2769.337
15671.000,3006.709
15672.000,2848.461
15673.000,3006.709
15674.000,2769.337
15675.000,3006.709
15676.000,2769.337
15677.000,3006.709
15678.000,2769.337
15679.000,3006.709
15680.000,2848.461
15681.000,3006.709
15682.000,2769.337
15683.000,3006.709
15684.000,2769.337
15685.000,3006.709
15686.000,2769.337
15687.000,3006.709
15688.000,2848.461
15689.000,3006.709
15690.000,2848.461
15691.000,3006.709
15692.000,2769.337
15693.000,3006.709
15694.000,2769.337
15695.000,3006.709
15696.000,2848.461
15697.000,3006.709
15698.000,2848.461
15699.000,3006.709
15700.000,2769.337
15701.000,3006.709
15702.000,2769.337
15703.000,3006.709
15704.000,2848.461
15705.000,3006.709
15706.000,2848.461
15707.000,3006.709
15708.000,2769.337
15709.000,3006.709
15710.000,2769.337
15711.000,3006.709
15712.000,2848.461
15713.000,3006.709
15714.000,2848.461
15715.000,3006.709
15716.000,2769.337
15717.000,3006.709
15718.000,2769.337
15719.000,3006.709
15720.000,2769.337
15721.000,3006.709
15722.000,2848.461
15723.000,3006.709
15724.000,2769.337
15725.000,3006.709
15726.000,2769.337
15727.000,3006.709
15728.000,2769.337
15729.000,3006.709
15730.000,2848.461
15731.000,3006.709
15732.000,2848.461
15733.000,3006.709
15734.000,2769.337
15735.000,3006.709
15736.000,2769.337
15737.000,3006.709
15738.000,2848.461
15739.000,3006.709
15740.000,2848.461
15741.000,3006.709
15742.000,2769.337
15743.000,3006.709
15744.000,2769.337
15745.000,3006.709
15746.000,2848.461
15747.000,3006.709
15748.000,2848.461
15749.000,3006.709
15750.000,2769.337
15751.000,3006.709
15752.000,2769.337
15753.000,3006.709
15754.000,2848.461
15755.000,3006.709
15756.000,2848.461
15757.000,3006.709
15758.000,2769.337
15759.000,3006.709
15760.000,2769.337
15761.000,3006.709
15762.000,2848.461
15763.000,3006.709
15764.000,2848.461
15765.000,3006.709
15766.000,2769.337
15767.000,3006.709
15768.000,2769.337
15769.000,3006.709
15770.000,2848.461
15771.000,3006.709
15772.000,2848.461
15773.000,3006.709
15774.000,2769.337
15775.000,3006.709
15776.000,2769.337
15777.000,3006.709
15778.000,2769.337
15779.000,3006.709
15780.000,2848.461
15781.000,3006.709
15782.000,2769.337
15783.000,3006.709
15784.000,2769.337
15785.000,3006.709
15786.000,2769.337
15787.000,3006.709
15788.000,2848.461
15789.000,3006.709
15790.000,2848.461
15791.000,3006.709
15792.000,2769.337
15793.000,2927.585
15794.000,2769.337
15795.000,3006.709
15796.000,2848.461
15797.000,3006.709
15798.000,2848.461
15799.000,3006.709
15800.000,2769.337
15801.000,3006.709
15802.000,2769.337
15803.000,3006.709
15804.000,2848.461
15805.000,3006.709
15806.000,2848.461
15807.000,3006.709
15808.000,2769.337
15809.000,3006.709
15810.000,2769.337
15811.000,3006.709
15812.000,2769.337
15813.000,3006.709
15814.000,2848.461
15815.000,3006.709
15816.000,2769.337
15817.000,3006.709
15818.000,2769.337
15819.000,3006.709
15820.000,2769.337
15821.000,3006.709
15822.000,2848.461
15823.000,3006.709
15824.000,2769.337
15825.000,3006.709
15826.000,2769.337
15827.000,3006.709
15828.000,2769.337
15829.000,3006.709
15830.000,2848.461
15831.000,3006.709
15832.000,2769.337
15833.000,3006.709
15834.000,2769.337
15835.000,3006.709
15836.000,2769.337
15837.000,3006.709
15838.000,2848.461
15839.000,3006.709
15840.000,2769.337
15841.000,3006.709
15842.000,2769.337
15843.000,3006.709
15844.000,2769.337
15845.000,3006.709
15846.000,2848.461
15847.000,3006.709
15848.000,2848.461
15849.000,3006.709
15850.000,2769.337
15851.000,3006.709
15852.000,2769.337
15853.000,3006.709
15854.000,2848.461
15855.000,3006.709
15856.000,2848.461
15857.000,3006.709
15858.000,2769.337
15859.000,3006.709
15860.000,2769.337
15861.000,3006.709
15862.000,2848.461
15863.000,3006.709
15864.000,2848.461
15865.000,3006.709
15866.000,2769.337
15867.000,3006.709
15868.000,2769.337
15869.000,3006.709
15870.000,2769.337
15871.000,3006.709
15872.000,2848.461
15873.000,3006.709
15874.000,2769.337
15875.000,3006.709
15876.000,2769.337
15877.000,3006.709
15878.000,2769.337
15879.000,3006.709
15880.000,2848.461
15881.000,3006.709
15882.000,2769.337
15883.000,3006.709
15884.000,2769.337
15885.000,3006.709
15886.000,2769.337
15887.000,3006.709
15888.000,2848.461
15889.000,3006.709
15890.000,2769.337
15891.000,3006.709
15892.000,2769.337
15893.000,3006.709
15894.000,2769.337
15895.000,3006.709
15896.000,2848.461
15897.000,3006.709
15898.000,2848.461
15899.000,3006.709
15900.000,2769.337
15901.000,3006.709
15902.000,2769.337
15903.000,3006.709
15904.000,2848.461
15905.000,3006.709
15906.000,2848.461
15907.000,3006.709
15908.000,2769.337
15909.000,2927.585
15910.000,2769.337
15911.000,3006.709
15912.000,2848.461
15913.000,3006.709
15914.000,2848.461
15915.000,3006.709
15916.000,2769.337
15917.000,3006.709
15918.000,2769.337
15919.000,3006.709
15920.000,2848.461
15921.000,3006.709
15922.000,2848.461
15923.000,3006.709
15924.000,2769.337
15925.000,3006.709
15926.000,2769.337
15927.000,3006.709
15928.000,2769.337
15929.000,3006.709
15930.000,2848.461
15931.000,3006.709
15932.000,2769.337
15933.000,3006.709
15934.000,2769.337
15935.000,3006.709
15936.000,2769.337
15937.000,3006.709
15938.000,2848.461
15939.000,3006.709
15940.000,2848.461
15941.000,3006.709
15942.000,2769.337
15943.000,3006.709
15944.000,2769.337
15945.000,3006.709
15946.000,2848.461
15947.000,3006.709
15948.000,2848.461
15949.000,3006.709
15950.000,2769.337
15951.000,3006.709
15952.000,2769.337
15953.000,3006.709
15954.000,2848.461
15955.000,3006.709
15956.000,2848.461
15957.000,3006.709
15958.000,2769.337
15959.000,3006.709
15960.000,2769.337
15961.000,3006.709
15962.000,2848.461
15963.000,3006.709
15964.000,2848.461
15965.000,3006.709
15966.000,2769.337
15967.000,3006.709
15968.000,2769.337
15969.000,3006.709
15970.000,2848.461
15971.000,3006.709
15972.000,2848.461
15973.000,3006.709
15974.000,2769.337
15975.000,3006.709
15976.000,2769.337
15977.000,3006.709
15978.000,2848.461
15979.000,3006.709
15980.000,2848.461
15981.000,3006.709
15982.000,2769.337
15983.000,3006.709
15984.000,2769.337
15985.000,3006.709
15986.000,2769.337
15987.000,3006.709
15988.000,2848.461
15989.000,3006.709
15990.000,2769.337
15991.000,3006.709
15992.000,2769.337
15993.000,2927.585
15994.000,2769.337
15995.000,3006.709
15996.000,2848.461
15997.000,3006.709
15998.000,2848.461
15999.000,3006.709
16000.000,2769.337
16001.000,2927.585
16002.000,2769.337
16003.000,3006.709
16004.000,2848.461
16005.000,3006.709
16006.000,2848.461
16007.000,3006.709
16008.000,2769.337
16009.000,3006.709
16010.000,2769.337
16011.000,3006.709
16012.000,2848.461
16013.000,3006.709
16014.000,2848.461
16015.000,3006.709
16016.000,2769.337
16017.000,3006.709
16018.000,2769.337
16019.000,3006.709
16020.000,2769.337
16021.000,3006.709
16022.000,2848.461
16023.000,3006.709
16024.000,2769.337
16025.000,3006.709
16026.000,2769.337
16027.000,3006.709
16028.000,2769.337
16029.000,3006.709
16030.000,2848.461
16031.000,3006.709
16032.000,2769.337
16033.000,3006.709
16034.000,2769.337
16035.000,3006.709
16036.000,2769.337
16037.000,3006.709
16038.000,2848.461
16039.000,3006.709
16040.000,2848.461
16041.000,3006.709
16042.000,2769.337
16043.000,3006.709
16044.000,2769.337
16045.000,3006.709
16046.000,2848.461
16047.000,3006.709
16048.000,2848.461
16049.000,3006.709
16050.000,2769.337
16051.000,3006.709
16052.000,2769.337
16053.000,3006.709
16054.000,2848.461
16055.000,3006.709
16056.000,2848.461
16057.000,3006.709
16058.000,2769.337
16059.000,3006.709
16060.000,2769.337
16061.000,3006.709
16062.000,2848.461
16063.000,3006.709
16064.000,2848.461
16065.000,3006.709
16066.000,2769.337
16067.000,3006.709
16068.000,2769.337
16069.000,3006.709
16070.000,2769.337
16071.000,3006.709
16072.000,2848.461
16073.000,3006.709
16074.000,2769.337
16075.000,3006.709
16076.000,2769.337
16077.000,3006.709
16078.000,2769.337
16079.000,3006.709
16080.000,2848.461
16081.000,3006.709
16082.000,2769.337
16083.000,3006.709
16084.000,2769.337
16085.000,3006.709
16086.000,2769.337
16087.000,3006.709
16088.000,2848.461
16089.000,3006.709
16090.000,2769.337
16091.000,3006.709
16092.000,2769.337
16093.000,3006.709
16094.000,2769.337
16095.000,3006.709
16096.000,2848.461
16097.000,3006.709
16098.000,2848.461
16099.000,3006.709
16100.000,2769.337
16101.000,3006.709
16102.000,2769.337
16103.000,3006.709
16104.000,2848.461
16105.000,3006.709
16106.000,2848.461
16107.000,3006.709
16108.000,2769.337
16109.000,3006.709
16110.000,2769.337
16111.000,3006.709
16112.000,2848.461
16113.000,3006.709
16114.000,2848.461
16115.000,3006.709
16116.000,2769.337
16117.000,3006.709
16118.000,2769.337
16119.000,3006.709
16120.000,2848.461
16121.000,3006.709
16122.000,2848.461
16123.000,3006.709
16124.000,2769.337
16125.000,3006.709
16126.000,2769.337
16127.000,3006.709
16128.000,2769.337
16129.000,3006.709
16130.000,2848.461
16131.000,3006.709
16132.000,2769.337
16133.000,3006.709
16134.000,2769.337
16135.000,3006.709
16136.000,2769.337
16137.000,3006.709
16138.000,2848.461
16139.000,3006.709
16140.000,2769.337
16141.000,3006.709
16142.000,2769.337
16143.000,3006.709
16144.000,2769.337
16145.000,3006.709
16146.000,2848.461
16147.000,3006.709
16148.000,2848.461
16149.000,3006.709
16150.000,2769.337
16151.000,3006.709
16152.000,2769.337
16153.000,3006.709
16154.000,2848.461
16155.000,3006.709
16156.000,2848.461
16157.000,3006.709
16158.000,2769.337
16159.000,3006.709
16160.000,2769.337
16161.000,3006.709
16162.000,2848.461
16163.000,3006.709
16164.000,2848.461
16165.000,3006.709
16166.000,2769.337
16167.000,3006.709
16168.000,2769.337
16169.000,3006.709
16170.000,2769.337
16171.000,3006.709
16172.000,2848.461
16173.000,3006.709
16174.000,2769.337
16175.000,3006.709
16176.000,2769.337
16177.000,3006.709
16178.000,2769.337
16179.000,3006.709
16180.000,2848.461
16181.000,3006.709
16182.000,2769.337
16183.000,3006.709
16184.000,2769.337
16185.000,3006.709
16186.000,2769.337
16187.000,3006.709
16188.000,2848.461
16189.000,3006.709
16190.000,2769.337
16191.000,3006.709
16192.000,2769.337
16193.000,3006.709
16194.000,2769.337
16195.000,3006.709
16196.000,2848.461
16197.000,3006.709
16198.000,2769.337
16199.000,3006.709
16200.000,2769.337
16201.000,3006.709
16202.000,2769.337
16203.000,3006.709
16204.000,2848.461
16205.000,3006.709
16206.000,2769.337
16207.000,3006.709
16208.000,2769.337
16209.000,3006.709
16210.000,2769.337
16211.000,3006.709
16212.000,2848.461
16213.000,3006.709
16214.000,2848.461
16215.000,3006.709
16216.000,2769.337
16217.000,3006.709
16218.000,2769.337
16219.000,3006.709
16220.000,2769.337
16221.000,3006.709
16222.000,2848.461
16223.000,3006.709
16224.000,2769.337
16225.000,3006.709
16226.000,2769.337
16227.000,3006.709
16228.000,2769.337
16229.000,3006.709
16230.000,2848.461
16231.000,3006.709
16232.000,2769.337
16233.000,3006.709
16234.000,2769.337
16235.000,3006.709
16236.000,2769.337
16237.000,3006.709
16238.000,2848.461
16239.000,3006.709
16240.000,2769.337
16241.000,3006.709
16242.000,2769.337
16243.000,3006.709
16244.000,2769.337
16245.000,3006.709
16246.000,2848.461
16247.000,3006.709
16248.000,2769.337
16249.000,3006.709
16250.000,2769.337
16251.000,3006.709
16252.000,2769.337
16253.000,3006.709
16254.000,2848.461
16255.000,3006.709
16256.000,2848.461
16257.000,3006.709
16258.000,2769.337
16259.000,3006.709
16260.000,2769.337
16261.000,3006.709
16262.000,2848.461
16263.000,3006.709
16264.000,2848.461
16265.000,3006.709
16266.000,2769.337
16267.000,3006.709
16268.000,2769.337
16269.000,3006.709
16270.000,2769.337
16271.000,3006.709
16272.000,2848.461
16273.000,3006.709
16274.000,2769.337
16275.000,3006.709
16276.000,2769.337
16277.000,3006.709
16278.000,2769.337
16279.000,3006.709
16280.000,2848.461
16281.000,3006.709
16282.000,2769.337
16283.000,3006.709
16284.000,2769.337
16285.000,3006.709
16286.000,2769.337
16287.000,3006.709
16288.000,2848.461
16289.000,3006.709
16290.000,2769.337
16291.000,3006.709
16292.000,2769.337
16293.000,3006.709
16294.000,2769.337
16295.000,3006.709
16296.000,2848.461
16297.000,3006.709
16298.000,2848.461
16299.000,3006.709
16300.000,2769.337
16301.000,3006.709
16302.000,2769.337
16303.000,3006.709
16304.000,2769.337
16305.000,3006.709
16306.000,2848.461
16307.000,3006.709
16308.000,2769.337
16309.000,3006.709
16310.000,2769.337
16311.000,3006.709
16312.000,2769.337
16313.000,3006.709
16314.000,2848.461
16315.000,3006.709
16316.000,2769.337
16317.000,3006.709
16318.000,2769.337
16319.000,3006.709
16320.000,2848.461
16321.000,3006.709
16322.000,2848.461
16323.000,3006.709
16324.000,2769.337
16325.000,3006.709
16326.000,2769.337
16327.000,3006.709
16328.000,2769.337
16329.000,3006.709
16330.000,2848.461
16331.000,3006.709
16332.000,2769.337
16333.000,3006.709
16334.000,2769.337
16335.000,3006.709
16336.000,2769.337
16337.000,3006.709
16338.000,2848.461
16339.000,3006.709
16340.000,2769.337
16341.000,3006.709
16342.000,2769.337
16343.000,3006.709
16344.000,2769.337
16345.000,3006.709
16346.000,2848.461
16347.000,3006.709
16348.000,2848.461
16349.000,3006.709
16350.000,2769.337
16351.000,3006.709
16352.000,2769.337
16353.000,3006.709
16354.000,2848.461
16355.000,3006.709
16356.000,2848.461
16357.000,3006.709
16358.000,2769.337
16359.000,3006.709
16360.000,2769.337
16361.000,3006.709
16362.000,2769.337
16363.000,3006.709
16364.000,2848.461
16365.000,3006.709
16366.000,2769.337
16367.000,3006.709
16368.000,2769.337
16369.000,3006.709
16370.000,2769.337
16371.000,3006.709
16372.000,2848.461
16373.000,3006.709
16374.000,2769.337
16375.000,3006.709
16376.000,2769.337
16377.000,3006.709
16378.000,2769.337
16379.000,3006.709
16380.000,2848.461
16381.000,3006.709
16382.000,2769.337
16383.000,3006.709
16384.000,2769.337
16385.000,3006.709
16386.000,2769.337
16387.000,3006.709
16388.000,2848.461
16389.000,3006.709
16390.000,2769.337
16391.000,3006.709
16392.000,2769.337
16393.000,3006.709
16394.000,2769.337
16395.000,3006.709
16396.000,2848.461
16397.000,3006.709
16398.000,2769.337
16399.000,3006.709
16400.000,2769.337
16401.000,3006.709
16402.000,2769.337
16403.000,3006.709
16404.000,2848.461
16405.000,3006.709
16406.000,2848.461
16407.000,3006.709
16408.000,2769.337
16409.000,3006.709
16410.000,2769.337
16411.000,3006.709
16412.000,2769.337
16413.000,3006.709
16414.000,2848.461
16415.000,3006.709
16416.000,2769.337
16417.000,3006.709
16418.000,2769.337
16419.000,3006.709
16420.000,2769.337
16421.000,3006.709
16422.000,2848.461
16423.000,3006.709
16424.000,2769.337
16425.000,3006.709
16426.000,2769.337
16427.000,3006.709
16428.000,2769.337
16429.000,3006.709
16430.000,2848.461
16431.000,3006.709
16432.000,2769.337
16433.000,3006.709
16434.000,2769.337
16435.000,3006.709
16436.000,2769.337
16437.000,3006.709
16438.000,2848.461
16439.000,3006.709
16440.000,2769.337
16441.000,3006.709
16442.000,2769.337
16443.000,3006.709
16444.000,2769.337
16445.000,3006.709
16446.000,2769.337
16447.000,3006.709
16448.000,2769.337
16449.000,3006.709
16450.000,2769.337
16451.000,3006.709
16452.000,2769.337
16453.000,3006.709
16454.000,2848.461
16455.000,3006.709
16456.000,2769.337
16457.000,3006.709
16458.000,2769.337
16459.000,3006.709
16460.000,2769.337
16461.000,3006.709
16462.000,2848.461
16463.000,3006.709
16464.000,2848.461
16465.000,3006.709
16466.000,2769.337
16467.000,3006.709
16468.000,2769.337
16469.000,3006.709
16470.000,2848.461
16471.000,3006.709
16472.000,2848.461
16473.000,3006.709
16474.000,2769.337
16475.000,3006.709
16476.000,2769.337
16477.000,3006.709
16478.000,2769.337
16479.000,3006.709
16480.000,2848.461
16481.000,3006.709
16482.000,2769.337
16483.000,3006.709
16484.000,2769.337
16485.000,3006.709
16486.000,2769.337
16487.000,3006.709
16488.000,2848.461
16489.000,3006.709
16490.000,2848.461
16491.000,3006.709
16492.000,2769.337
16493.000,3006.709
16494.000,2769.337
16495.000,3006.709
16496.000,2848.461
16497.000,3006.709
16498.000,2769.337
16499.000,3006.709
16500.000,2769.337
16501.000,3006.709
16502.000,2769.337
16503.000,3006.709
16504.000,2848.461
16505.000,3006.709
16506.000,2848.461
16507.000,3006.709
16508.000,2769.337
16509.000,3006.709
16510.000,2769.337
16511.000,3006.709
16512.000,2769.337
16513.000,3006.709
16514.000,2848.461
16515.000,3006.709
16516.000,2769.337
16517.000,3006.709
16518.000,2769.337
16519.000,3006.709
16520.000,2769.337
16521.000,3006.709
16522.000,2848.461
16523.000,3006.709
16524.000,2769.337
16525.000,3006.709
16526.000,2769.337
16527.000,3006.709
16528.000,2769.337
16529.000,3006.709
16530.000,2848.461
16531.000,3006.709
16532.000,2769.337
16533.000,3006.709
16534.000,2769.337
16535.000,3006.709
16536.000,2769.337
16537.000,3006.709
16538.000,2848.461
16539.000,3006.709
16540.000,2848.461
16541.000,3006.709
16542.000,2769.337
16543.000,3006.709
16544.000,2769.337
16545.000,3006.709
16546.000,2769.337
16547.000,3006.709
16548.000,2769.337
16549.000,3006.709
16550.000,2769.337
16551.000,3006.709
16552.000,2769.337
16553.000,3006.709
16554.000,2769.337
16555.000,3006.709
16556.000,2769.337
16557.000,3006.709
16558.000,2769.337
16559.000,3006.709
16560.000,2769.337
16561.000,3006.709
16562.000,2769.337
16563.000,3006.709
16564.000,2769.337
16565.000,3006.709
16566.000,2769.337
16567.000,3006.709
16568.000,2769.337
16569.000,3006.709
16570.000,2769.337
16571.000,3006.709
16572.000,2848.461
16573.000,3006.709
16574.000,2769.337
16575.000,3006.709
16576.000,2769.337
16577.000,3006.709
16578.000,2769.337
16579.000,3006.709
16580.000,2848.461
16581.000,3006.709
16582.000,2769.337
16583.000,3006.709
16584.000,2769.337
16585.000,3006.709
16586.000,2769.337
16587.000,3006.709
16588.000,2848.461
16589.000,3006.709
16590.000,2769.337
16591.000,3006.709
16592.000,2769.337
16593.000,3006.709
16594.000,2769.337
16595.000,3006.709
16596.000,2848.461
16597.000,3006.709
16598.000,2848.461
16599.000,3006.709
16600.000,2769.337
16601.000,3006.709
16602.000,2769.337
16603.000,3006.709
16604.000,2848.461
16605.000,3006.709
16606.000,2848.461
16607.000,3006.709
16608.000,2769.337
16609.000,3006.709
16610.000,2769.337
16611.000,3006.709
16612.000,2769.337
16613.000,3006.709
16614.000,2848.461
16615.000,3006.709
16616.000,2769.337
16617.000,3006.709
16618.000,2769.337
16619.000,3006.709
16620.000,2769.337
16621.000,3006.709
16622.000,2848.461
16623.000,3006.709
16624.000,2769.337
16625.000,3006.709
16626.000,2769.337
16627.000,3006.709
16628.000,2769.337
16629.000,3006.709
16630.000,2848.461
16631.000,3006.709
16632.000,2769.337
16633.000,3006.709
16634.000,2769.337
16635.000,3006.709
16636.000,2769.337
16637.000,3006.709
16638.000,2848.461
16639.000,3006.709
16640.000,2848.461
16641.000,3006.709
16642.000,2769.337
16643.000,3006.709
16644.000,2769.337
16645.000,3006.709
16646.000,2848.461
16647.000,3006.709
16648.000,2848.461
16649.000,3006.709
16650.000,2769.337
16651.000,3006.709
16652.000,2769.337
16653.000,3006.709
16654.000,2769.337
16655.000,3006.709
16656.000,2848.461
16657.000,3006.709
16658.000,2769.337
16659.000,3006.709
16660.000,2769.337
16661.000,3006.709
16662.000,2769.337
16663.000,3006.709
16664.000,2848.461
16665.000,3006.709
16666.000,2769.337
16667.000,3006.709
16668.000,2769.337
16669.000,3006.709
16670.000,2769.337
16671.000,3006.709
16672.000,2769.337
16673.000,3006.709
16674.000,2769.337
16675.000,3006.709
16676.000,2769.337
16677.000,3006.709
16678.000,2769.337
16679.000,3006.709
16680.000,2769.337
16681.000,3006.709
16682.000,2769.337
16683.000,3006.709
16684.000,2769.337
16685.000,3006.709
16686.000,2769.337
16687.000,3006.709
16688.000,2848.461
16689.000,3006.709
16690.000,2769.337
16691.000,3006.709
16692.000,2769.337
16693.000,3006.709
16694.000,2769.337
16695.000,3006.709
16696.000,2848.461
16697.000,3006.709
16698.000,2848.461
16699.000,3006.709
16700.000,2769.337
16701.000,3006.709
16702.000,2769.337
16703.000,3006.709
16704.000,2848.461
16705.000,3006.709
16706.000,2848.461
16707.000,3006.709
16708.000,2769.337
16709.000,3006.709
16710.000,2769.337
16711.000,3006.709
16712.000,2769.337
16713.000,3006.709
16714.000,2848.461
16715.000,3006.709
16716.000,2769.337
16717.000,3006.709
16718.000,2769.337
16719.000,3006.709
16720.000,2769.337
16721.000,3006.709
16722.000,2848.461
16723.000,3006.709
16724.000,2769.337
16725.000,3006.709
16726.000,2769.337
16727.000,3006.709
16728.000,2769.337
16729.000,3006.709
16730.000,2848.461
16731.000,3006.709
16732.000,2848.461
16733.000,3006.709
16734.000,2769.337
16735.000,3006.709
16736.000,2769.337
16737.000,3006.709
16738.000,2848.461
16739.000,3006.709
16740.000,2848.461
16741.000,3006.709
16742.000,2769.337
16743.000,3006.709
16744.000,2769.337
16745.000,3006.709
16746.000,2848.461
16747.000,3006.709
16748.000,2848.461
16749.000,3006.709
16750.000,2769.337
16751.000,3006.709
16752.000,2769.337
16753.000,3006.709
16754.000,2769.337
16755.000,3006.709
16756.000,2848.461
16757.000,3006.709
16758.000,2769.337
16759.000,3006.709
16760.000,2769.337
16761.000,3006.709
16762.000,2769.337
16763.000,3006.709
16764.000,2848.461
16765.000,3006.709
16766.000,2769.337
16767.000,3006.709
16768.000,2769.337
16769.000,3006.709
16770.000,2769.337
16771.000,3006.709
16772.000,2848.461
16773.000,3006.709
16774.000,2769.337
16775.000,3006.709
16776.000,2769.337
16777.000,3006.709
16778.000,2769.337
16779.000,3006.709
16780.000,2848.461
16781.000,3006.709
16782.000,2848.461
16783.000,3006.709
16784.000,2769.337
16785.000,3006.709
16786.000,2769.337
16787.000,3006.709
16788.000,2848.461
16789.000,3006.709
16790.000,2848.461
16791.000,3006.709
16792.000,2769.337
16793.000,3006.709
16794.000,2769.337
16795.000,3006.709
16796.000,2769.337
16797.000,3006.709
16798.000,2848.461
16799.000,3006.709
16800.000,2769.337
16801.000,3006.709
16802.000,2769.337
16803.000,3006.709
16804.000,2769.337
16805.000,3006.709
16806.000,2848.461
16807.000,3006.709
16808.000,2769.337
16809.000,3006.709
16810.000,2769.337
16811.000,3006.709
16812.000,2769.337
16813.000,3006.709
16814.000,2848.461
16815.000,3006.709
16816.000,2769.337
16817.000,3006.709
16818.000,2769.337
16819.000,3006.709
16820.000,2769.337
16821.000,3006.709
16822.000,2848.461
16823.000,3006.709
16824.000,2769.337
16825.000,3006.709
16826.000,2769.337
16827.000,3006.709
16828.000,2769.337
16829.000,3006.709
16830.000,2848.461
16831.000,3006.709
16832.000,2769.337
16833.000,3006.709
16834.000,2769.337
16835.000,3006.709
16836.000,2769.337
16837.000,3006.709
16838.000,2848.461
16839.000,3006.709
16840.000,2848.461
16841.000,3006.709
16842.000,2769.337
16843.000,3006.709
16844.000,2769.337
16845.000,3006.709
16846.000,2848.461
16847.000,3006.709
16848.000,2848.461
16849.000,3006.709
16850.000,2769.337
16851.000,3006.709
16852.000,2769.337
16853.000,3006.709
16854.000,2848.461
16855.000,3006.709
16856.000,2848.461
16857.000,3006.709
16858.000,2769.337
16859.000,3006.709
16860.000,2769.337
16861.000,3006.709
16862.000,2769.337
16863.000,3006.709
16864.000,2848.461
16865.000,3006.709
16866.000,2769.337
16867.000,3006.709
16868.000,2769.337
16869.000,3006.709
16870.000,2769.337
16871.000,3006.709
16872.000,2848.461
16873.000,3006.709
16874.000,2769.337
16875.000,3006.709
16876.000,2769.337
16877.000,3006.709
16878.000,2769.337
16879.000,3006.709
16880.000,2848.461
16881.000,3006.709
16882.000,2848.461
16883.000,3006.709
16884.000,2769.337
16885.000,3006.709
16886.000,2769.337
16887.000,3006.709
16888.000,2848.461
16889.000,3006.709
16890.000,2848.461
16891.000,3006.709
16892.000,2769.337
16893.000,3006.709
16894.000,2769.337
16895.000,3006.709
16896.000,2848.461
16897.000,3006.709
16898.000,2848.461
16899.000,3006.709
16900.000,2769.337
16901.000,3006.709
16902.000,2769.337
16903.000,3006.709
16904.000,2769.337
16905.000,3006.709
16906.000,2848.461
16907.000,3006.709
16908.000,2769.337
16909.000,3006.709
16910.000,2769.337
16911.000,3006.709
16912.000,2769.337
16913.000,3006.709
16914.000,2848.461
16915.000,3006.709
16916.000,2769.337
16917.000,3006.709
16918.000,2769.337
16919.000,3006.709
16920.000,2769.337
16921.000,3006.709
16922.000,2848.461
16923.000,3006.709
16924.000,2769.337
16925.000,3006.709
16926.000,2769.337
16927.000,3006.709
16928.000,2769.337
16929.000,3006.709
16930.000,2848.461
16931.000,3006.709
16932.000,2769.337
16933.000,3006.709
16934.000,2769.337
16935.000,3006.709
16936.000,2769.337
16937.000,3006.709
16938.000,2848.461
16939.000,3006.709
16940.000,2848.461
16941.000,3006.709
16942.000,2769.337
16943.000,3006.709
16944.000,2769.337
16945.000,3006.709
16946.000,2848.461
16947.000,3006.709
16948.000,2848.461
16949.000,3006.709
16950.000,2769.337
16951.000,3006.709
16952.000,2769.337
16953.000,3006.709
16954.000,2848.461
16955.000,3006.709
16956.000,2848.461
16957.000,3006.709
16958.000,2769.337
16959.000,3006.709
16960.000,2769.337
16961.000,3006.709
16962.000,2769.337
16963.000,3006.709
16964.000,2848.461
16965.000,3006.709
16966.000,2769.337
16967.000,3006.709
16968.000,2769.337
16969.000,3006.709
16970.000,2769.337
16971.000,3006.709
16972.000,2848.461
16973.000,3006.709
16974.000,2848.461
16975.000,3006.709
16976.000,2769.337
16977.000,3006.709
16978.000,2769.337
16979.000,3006.709
16980.000,2848.461
16981.000,3006.709
16982.000,2848.461
16983.000,3006.709
16984.000,2769.337
16985.000,3006.709
16986.000,2769.337
16987.000,3006.709
16988.000,2848.461
16989.000,3006.709
16990.000,2848.461
16991.000,3006.709
16992.000,2769.337
16993.000,3006.709
16994.000,2769.337
16995.000,3006.709
16996.000,2769.337
16997.000,3006.709
16998.000,2848.461
16999.000,3006.709
17000.000,2769.337
17001.000,3006.709
17002.000,2769.337
17003.000,3006.709
17004.000,2769.337
17005.000,3006.709
17006.000,2848.461
17007.000,3006.709
17008.000,2769.337
17009.000,3006.709
17010.000,2769.337
17011.000,3006.709
17012.000,2769.337
17013.000,3006.709
17014.000,2848.461
17015.000,3006.709
17016.000,2769.337
17017.000,3006.709
17018.000,2769.337
17019.000,3006.709
17020.000,2769.337
17021.000,3006.709
17022.000,2848.461
17023.000,3006.709
17024.000,2769.337
17025.000,3006.709
17026.000,2769.337
17027.000,3006.709
17028.000,2769.337
17029.000,3006.709
17030.000,2848.461
17031.000,3006.709
17032.000,2848.461
17033.000,3006.709
17034.000,2769.337
17035.000,3006.709
17036.000,2769.337
17037.000,3006.709
17038.000,2769.337
17039.000,3006.709
17040.000,2848.461
17041.000,3006.709
17042.000,2769.337
17043.000,3006.709
17044.000,2769.337
17045.000,3006.709
17046.000,2769.337
17047.000,3006.709
17048.000,2769.337
17049.000,3006.709
17050.000,2769.337
17051.000,3006.709
17052.000,2769.337
17053.000,3006.709
17054.000,2848.461
17055.000,3006.709
17056.000,2848.461
17057.000,3006.709
17058.000,2769.337
17059.000,3006.709
17060.000,2769.337
17061.000,3006.709
17062.000,2848.461
17063.000,3006.709
17064.000,2848.461
17065.000,3006.709
17066.000,2769.337
17067.000,3006.709
17068.000,2769.337
17069.000,3006.709
17070.000,2769.337
17071.000,3006.709
17072.000,2848.461
17073.000,3006.709
17074.000,2769.337
17075.000,3006.709
17076.000,2769.337
17077.000,3006.709
17078.000,2769.337
17079.000,3006.709
17080.000,2848.461
17081.000,3085.833
17082.000,2848.461
17083.000,3006.709
17084.000,2769.337
17085.000,3006.709
17086.000,2769.337
17087.000,3006.709
17088.000,2848.461
17089.000,3085.833
17090.000,2848.461
17091.000,3006.709
17092.000,2769.337
17093.000,3006.709
17094.000,2769.337
17095.000,3006.709
17096.000,2769.337
17097.000,3006.709
17098.000,2848.461
17099.000,3006.709
17100.000,2769.337
17101.000,3006.709
17102.000,2769.337
17103.000,3006.709
17104.000,2769.337
17105.000,3006.709
17106.000,2848.461
17107.000,3006.709
17108.000,2769.337
17109.000,3006.709
17110.000,2769.337
17111.000,3006.709
17112.000,2769.337
17113.000,3006.709
17114.000,2848.461
17115.000,3006.709
17116.000,2769.337
17117.000,3006.709
17118.000,2769.337
17119.000,3006.709
17120.000,2769.337
17121.000,3006.709
17122.000,2848.461
17123.000,3006.709
17124.000,2769.337
17125.000,3006.709
17126.000,2769.337
17127.000,3006.709
17128.000,2769.337
17129.000,3006.709
17130.000,2848.461
17131.000,3006.709
17132.000,2769.337
17133.000,3006.709
17134.000,2769.337
17135.000,3006.709
17136.000,2769.337
17137.000,3006.709
17138.000,2848.461
17139.000,3085.833
17140.000,2848.461
17141.000,3006.709
17142.000,2769.337
17143.000,3006.709
17144.000,2769.337
17145.000,3006.709
17146.000,2848.461
17147.000,3006.709
17148.000,2848.461
17149.000,3006.709
17150.000,2769.337
17151.000,3006.709
17152.000,2769.337
17153.000,3006.709
17154.000,2769.337
17155.000,3006.709
17156.000,2848.461
17157.000,3006.709
17158.000,2769.337
17159.000,3006.709
17160.000,2769.337
17161.000,3006.709
17162.000,2769.337
17163.000,3006.709
17164.000,2848.461
17165.000,3006.709
17166.000,2769.337
17167.000,3006.709
17168.000,2769.337
17169.000,3006.709
17170.000,2769.337
17171.000,3006.709
17172.000,2848.461
17173.000,3006.709
17174.000,2769.337
17175.000,3006.709
17176.000,2769.337
17177.000,3006.709
17178.000,2769.337
17179.000,3006.709
17180.000,2848.461
17181.000,3006.709
17182.000,2769.337
17183.000,3006.709
17184.000,2769.337
17185.000,3006.709
17186.000,2769.337
17187.000,3006.709
17188.000,2848.461
17189.000,3006.709
17190.000,2848.461
17191.000,3006.709
17192.000,2769.337
17193.000,3006.709
17194.000,2769.337
17195.000,3006.709
17196.000,2848.461
17197.000,3085.833
17198.000,2848.461
17199.000,3006.709
17200.000,2769.337
17201.000,3006.709
17202.000,2769.337
17203.000,3006.709
17204.000,2848.461
17205.000,3085.833
17206.000,2848.461
17207.000,3006.709
17208.000,2769.337
17209.000,3006.709
17210.000,2769.337
17211.000,3006.709
17212.000,2769.337
17213.000,3006.709
17214.000,2848.461
17215.000,3006.709
17216.000,2769.337
17217.000,3006.709
17218.000,2769.337
17219.000,3006.709
17220.000,2769.337
17221.000,3006.709
17222.000,2848.461
17223.000,3006.709
17224.000,2769.337
17225.000,3006.709
17226.000,2769.337
17227.000,3006.709
17228.000,2769.337
17229.000,3006.709
17230.000,2848.461
17231.000,3006.709
17232.000,2769.337
17233.000,3006.709
17234.000,2769.337
17235.000,3006.709
17236.000,2769.337
17237.000,3006.709
17238.000,2848.461
17239.000,3006.709
17240.000,2848.461
17241.000,3006.709
17242.000,2769.337
17243.000,3006.709
17244.000,2769.337
17245.000,3006.709
17246.000,2848.461
17247.000,3085.833
17248.000,2848.461
17249.000,3006.709
17250.000,2769.337
17251.000,3006.709
17252.000,2769.337
17253.000,3006.709
17254.000,2769.337
17255.000,3006.709
17256.000,2848.461
17257.000,3006.709
17258.000,2769.337
17259.000,3006.709
17260.000,2769.337
17261.000,3006.709
17262.000,2769.337
17263.000,3006.709
17264.000,2848.461
17265.000,3006.709
17266.000,2769.337
17267.000,3006.709
17268.000,2769.337
17269.000,3006.709
17270.000,2769.337
17271.000,3006.709
17272.000,2848.461
17273.000,3006.709
17274.000,2769.337
17275.000,3006.709
17276.000,2769.337
17277.000,3006.709
17278.000,2769.337
17279.000,3006.709
17280.000,2848.461
17281.000,3006.709
17282.000,2769.337
17283.000,3006.709
17284.000,2769.337
17285.000,3006.709
17286.000,2769.337
17287.000,3006.709
17288.000,2848.461
17289.000,3006.709
17290.000,2769.337
17291.000,3006.709
17292.000,2769.337
17293.000,3006.709
17294.000,2769.337
17295.000,3006.709
17296.000,2848.461
17297.000,3006.709
17298.000,2848.461
17299.000,3006.709
17300.000,2769.337
17301.000,3006.709
17302.000,2769.337
17303.000,3006.709
17304.000,2848.461
17305.000,3006.709
17306.000,2848.461
17307.000,3006.709
17308.000,2769.337
17309.000,3006.709
17310.000,2769.337
17311.000,3006.709
17312.000,2769.337
17313.000,3006.709
17314.000,2848.461
17315.000,3006.709
17316.000,2769.337
17317.000,3006.709
17318.000,2769.337
17319.000,3006.709
17320.000,2769.337
17321.000,3006.709
17322.000,2848.461
17323.000,3006.709
17324.000,2769.337
17325.000,3006.709
17326.000,2769.337
17327.000,3006.709
17328.000,2769.337
17329.000,3006.709
17330.000,2848.461
17331.000,3006.709
17332.000,2769.337
17333.000,3006.709
17334.000,2769.337
17335.000,3006.709
17336.000,2769.337
17337.000,3006.709
17338.000,2848.461
17339.000,3006.709
17340.000,2769.337
17341.000,3006.709
17342.000,2769.337
17343.000,3006.709
17344.000,2769.337
17345.000,3006.709
17346.000,2848.461
17347.000,3006.709
17348.000,2848.461
17349.000,3006.709
17350.000,2769.337
17351.000,3006.709
17352.000,2769.337
17353.000,3006.709
17354.000,2848.461
17355.000,3006.709
17356.000,2848.461
17357.000,3006.709
17358.000,2769.337
17359.000,3006.709
17360.000,2769.337
17361.000,3006.709
17362.000,2769.337
17363.000,3006.709
17364.000,2848.461
17365.000,3006.709
17366.000,2769.337
17367.000,3006.709
17368.000,2769.337
17369.000,3006.709
17370.000,2769.337
17371.000,3006.709
17372.000,2848.461
17373.000,3006.709
17374.000,2769.337
17375.000,3006.709
17376.000,2769.337
17377.000,3006.709
17378.000,2769.337
17379.000,3006.709
17380.000,2848.461
17381.000,3006.709
17382.000,2769.337
17383.000,3006.709
17384.000,2769.337
17385.000,3006.709
17386.000,2769.337
17387.000,3006.709
17388.000,2848.461
17389.000,3006.709
17390.000,2769.337
17391.000,3006.709
17392.000,2769.337
17393.000,3006.709
17394.000,2769.337
17395.000,3006.709
17396.000,2848.461
17397.000,3006.709
17398.000,2848.461
17399.000,3006.709
17400.000,2769.337
17401.000,3006.709
17402.000,2769.337
17403.000,3006.709
17404.000,2848.461
17405.000,3006.709
17406.000,2848.461
17407.000,3006.709
17408.000,2769.337
17409.000,3006.709
17410.000,2769.337
17411.000,3006.709
17412.000,2848.461
17413.000,3006.709
17414.000,2848.461
17415.000,3006.709
17416.000,2769.337
17417.000,3006.709
17418.000,2769.337
17419.000,3006.709
17420.000,2769.337
17421.000,3006.709
17422.000,2848.461
17423.000,3006.709
17424.000,2769.337
17425.000,3006.709
17426.000,2769.337
17427.000,3006.709
17428.000,2769.337
17429.000,3006.709
17430.000,2848.461
17431.000,3006.709
17432.000,2769.337
17433.000,3006.709
17434.000,2769.337
17435.000,3006.709
17436.000,2769.337
17437.000,3006.709
17438.000,2848.461
17439.000,3006.709
17440.000,2848.461
17441.000,3006.709
17442.000,2769.337
17443.000,3006.709
17444.000,2769.337
17445.000,3006.709
17446.000,2848.461
17447.000,3006.709
17448.000,2848.461
17449.000,3006.709
17450.000,2769.337
17451.000,3006.709
17452.000,2769.337
17453.000,3006.709
17454.000,2848.461
17455.000,3006.709
17456.000,2848.461
17457.000,3006.709
17458.000,2769.337
17459.000,3006.709
17460.000,2769.337
17461.000,3006.709
17462.000,2769.337
17463.000,3006.709
17464.000,2848.461
17465.000,3006.709
17466.000,2769.337
17467.000,3006.709
17468.000,2769.337
17469.000,3006.709
17470.000,2769.337
17471.000,3006.709
17472.000,2848.461
17473.000,3006.709
17474.000,2769.337
17475.000,3006.709
17476.000,2769.337
17477.000,3006.709
17478.000,2769.337
17479.000,3006.709
17480.000,2848.461
17481.000,3006.709
17482.000,2769.337
17483.000,3006.709
17484.000,2769.337
17485.000,3006.709
17486.000,2769.337
17487.000,3006.709
17488.000,2848.461
17489.000,3006.709
17490.000,2769.337
17491.000,3006.709
17492.000,2769.337
17493.000,3006.709
17494.000,2769.337
17495.000,3006.709
17496.000,2848.461
17497.000,3006.709
17498.000,2848.461
17499.000,3006.709
17500.000,2769.337
17501.000,3006.709
17502.000,2769.337
17503.000,3006.709
17504.000,2848.461
17505.000,3006.709
17506.000,2848.461
17507.000,3006.709
17508.000,2769.337
17509.000,3006.709
17510.000,2769.337
17511.000,3006.709
17512.000,2769.337
17513.000,3006.709
17514.000,2848.461
17515.000,3006.709
17516.000,2769.337
17517.000,3006.709
17518.000,2769.337
17519.000,3006.709
17520.000,2769.337
17521.000,3006.709
17522.000,2848.461
17523.000,3006.709
17524.000,2769.337
17525.000,3006.709
17526.000,2769.337
17527.000,3006.709
17528.000,2769.337
17529.000,3006.709
17530.000,2769.337
17531.000,3006.709
17532.000,2769.337
17533.000,3006.709
17534.000,2769.337
17535.000,3006.709
17536.000,2769.337
17537.000,3006.709
17538.000,2769.337
17539.000,3006.709
17540.000,2769.337
17541.000,3006.709
17542.000,2769.337
17543.000,3006.709
17544.000,2769.337
17545.000,3006.709
17546.000,2848.461
17547.000,3006.709
17548.000,2769.337
17549.000,3006.709
17550.000,2769.337
17551.000,3006.709
17552.000,2769.337
17553.000,3006.709
17554.000,2848.461
17555.000,3006.709
17556.000,2848.461
17557.000,3006.709
17558.000,2769.337
17559.000,3006.709
17560.000,2769.337
17561.000,3006.709
17562.000,2769.337
17563.000,3085.833
17564.000,2848.461
17565.000,3006.709
17566.000,2769.337
17567.000,3006.709
17568.000,2769.337
17569.000,3006.709
17570.000,2769.337
17571.000,3006.709
17572.000,2848.461
17573.000,3006.709
17574.000,2769.337
17575.000,3006.709
17576.000,2769.337
17577.000,3006.709
17578.000,2769.337
17579.000,3006.709
17580.000,2848.461
17581.000,3006.709
17582.000,2848.461
17583.000,3006.709
17584.000,2769.337
17585.000,3006.709
17586.000,2769.337
17587.000,3006.709
17588.000,2769.337
17589.000,3006.709
17590.000,2848.461
17591.000,3006.709
17592.000,2769.337
17593.000,3006.709
17594.000,2769.337
17595.000,3006.709
17596.000,2769.337
17597.000,3006.709
17598.000,2769.337
17599.000,3006.709
17600.000,2769.337
17601.000,3006.709
17602.000,2769.337
17603.000,3006.709
17604.000,2769.337
17605.000,3006.709
17606.000,2769.337
17607.000,3006.709
17608.000,2769.337
17609.000,3006.709
17610.000,2769.337
17611.000,3006.709
17612.000,2769.337
17613.000,3006.709
17614.000,2848.461
17615.000,3006.709
17616.000,2769.337
17617.000,3006.709
17618.000,2769.337
17619.000,3006.709
17620.000,2769.337
17621.000,3006.709
17622.000,2848.461
17623.000,3006.709
17624.000,2769.337
17625.000,3006.709
17626.000,2769.337
17627.000,3006.709
17628.000,2769.337
17629.000,3006.709
17630.000,2848.461
17631.000,3006.709
17632.000,2769.337
17633.000,3006.709
17634.000,2769.337
17635.000,3006.709
17636.000,2769.337
17637.000,3006.709
17638.000,2848.461
17639.000,3006.709
17640.000,2769.337
17641.000,3006.709
17642.000,2769.337
17643.000,3006.709
17644.000,2769.337
17645.000,3006.709
17646.000,2769.337
17647.000,3006.709
17648.000,2769.337
17649.000,3006.709
17650.000,2769.337
17651.000,3006.709
17652.000,2769.337
17653.000,3006.709
17654.000,2848.461
17655.000,3006.709
17656.000,2848.461
17657.000,3006.709
17658.000,2769.337
17659.000,3006.709
17660.000,2769.337
17661.000,3006.709
17662.000,2769.337
17663.000,3006.709
17664.000,2848.461
17665.000,3006.709
17666.000,2769.337
17667.000,3006.709
17668.000,2769.337
17669.000,3006.709
17670.000,2769.337
17671.000,3006.709
17672.000,2848.461
17673.000,3006.709
17674.000,2769.337
17675.000,3006.709
17676.000,2769.337
17677.000,3006.709
17678.000,2769.337
17679.000,3006.709
17680.000,2848.461
17681.000,3006.709
17682.000,2769.337
17683.000,3006.709
17684.000,2769.337
17685.000,3006.709
17686.000,2769.337
17687.000,3006.709
17688.000,2848.461
17689.000,3006.709
17690.000,2769.337
17691.000,3006.709
17692.000,2769.337
17693.000,3006.709
17694.000,2769.337
17695.000,3006.709
17696.000,2848.461
17697.000,3006.709
17698.000,2848.461
17699.000,3006.709
17700.000,2769.337
17701.000,3006.709
17702.000,2769.337
17703.000,3006.709
17704.000,2769.337
17705.000,3006.709
17706.000,2848.461
17707.000,3006.709
17708.000,2769.337
17709.000,3006.709
17710.000,2769.337
17711.000,3006.709
17712.000,2769.337
17713.000,3006.709
17714.000,2848.461
17715.000,3006.709
17716.000,2769.337
17717.000,3006.709
17718.000,2769.337
17719.000,3006.709
17720.000,2769.337
17721.000,3006.709
17722.000,2848.461
17723.000,3006.709
17724.000,2769.337
17725.000,3006.709
17726.000,2769.337
17727.000,3006.709
17728.000,2769.337
17729.000,3006.709
17730.000,2848.461
17731.000,3006.709
17732.000,2769.337
17733.000,3006.709
17734.000,2769.337
17735.000,3006.709
17736.000,2769.337
17737.000,3006.709
17738.000,2848.461
17739.000,3006.709
17740.000,2848.461
17741.000,3006.709
17742.000,2769.337
17743.000,3006.709
17744.000,2769.337
17745.000,3006.709
17746.000,2769.337
17747.000,3006.709
17748.000,2848.461
17749.000,3006.709
17750.000,2769.337
17751.000,3006.709
17752.000,2769.337
17753.000,3006.709
17754.000,2769.337
17755.000,3006.709
17756.000,2848.461
17757.000,3006.709
17758.000,2769.337
17759.000,3006.709
17760.000,2769.337
17761.000,3006.709
17762.000,2769.337
17763.000,3006.709
17764.000,2848.461
17765.000,3006.709
17766.000,2769.337
17767.000,3006.709
17768.000,2769.337
17769.000,3006.709
17770.000,2769.337
17771.000,3006.709
17772.000,2848.461
17773.000,3006.709
17774.000,2769.337
17775.000,3006.709
17776.000,2769.337
17777.000,3006.709
17778.000,2769.337
17779.000,3006.709
17780.000,2848.461
17781.000,3006.709
17782.000,2769.337
17783.000,3006.709
17784.000,2769.337
17785.000,3006.709
17786.000,2769.337
17787.000,3006.709
17788.000,2848.461
17789.000,3006.709
17790.000,2848.461
17791.000,3006.709
17792.000,2769.337
17793.000,3006.709
17794.000,2769.337
17795.000,3006.709
17796.000,2769.337
17797.000,3006.709
17798.000,2848.461
17799.000,3006.709
17800.000,2769.337
17801.000,3006.709
17802.000,2769.337
17803.000,3006.709
17804.000,2769.337
17805.000,3006.709
17806.000,2848.461
17807.000,3006.709
17808.000,2769.337
17809.000,3006.709
17810.000,2769.337
17811.000,3006.709
17812.000,2769.337
17813.000,3006.709
17814.000,2848.461
17815.000,3006.709
17816.000,2769.337
17817.000,3006.709
17818.000,2769.337
17819.000,3006.709
17820.000,2769.337
17821.000,3006.709
17822.000,2848.461
17823.000,3006.709
17824.000,2769.337
17825.000,3006.709
17826.000,2769.337
17827.000,3006.709
17828.000,2769.337
17829.000,3006.709
17830.000,2848.461
17831.000,3006.709
17832.000,2769.337
17833.000,3006.709
17834.000,2769.337
17835.000,3006.709
17836.000,2769.337
17837.000,3006.709
17838.000,2769.337
17839.000,3006.709
17840.000,2848.461
17841.000,3006.709
17842.000,2769.337
17843.000,3006.709
17844.000,2769.337
17845.000,3006.709
17846.000,2769.337
17847.000,3006.709
17848.000,2848.461
17849.000,3006.709
17850.000,2769.337
17851.000,3006.709
17852.000,2769.337
17853.000,3006.709
17854.000,2769.337
17855.000,3006.709
17856.000,2848.461
17857.000,3006.709
17858.000,2769.337
17859.000,3006.709
17860.000,2769.337
17861.000,3006.709
17862.000,2769.337
17863.000,3006.709
17864.000,2848.461
17865.000,3006.709
17866.000,2769.337
17867.000,3006.709
17868.000,2769.337
17869.000,3006.709
17870.000,2769.337
17871.000,3006.709
17872.000,2848.461
17873.000,3006.709
17874.000,2769.337
17875.000,3006.709
17876.000,2769.337
17877.000,3006.709
17878.000,2769.337
17879.000,3006.709
17880.000,2769.337
17881.000,3006.709
17882.000,2769.337
17883.000,3006.709
17884.000,2769.337
17885.000,3006.709
17886.000,2769.337
17887.000,3006.709
17888.000,2769.337
17889.000,3006.709
17890.000,2769.337
17891.000,3006.709
17892.000,2769.337
17893.000,3006.709
17894.000,2769.337
17895.000,3006.709
17896.000,2769.337
17897.000,3006.709
17898.000,2769.337
17899.000,3006.709
17900.000,2769.337
17901.000,3006.709
17902.000,2769.337
17903.000,3006.709
17904.000,2769.337
17905.000,3006.709
17906.000,2769.337
17907.000,3006.709
17908.000,2769.337
17909.000,3006.709
17910.000,2769.337
17911.000,3006.709
17912.000,2769.337
17913.000,3006.709
17914.000,2848.461
17915.000,3006.709
17916.000,2769.337
17917.000,3006.709
17918.000,2769.337
17919.000,3006.709
17920.000,2769.337
17921.000,3006.709
17922.000,2848.461
17923.000,3006.709
17924.000,2769.337
17925.000,3006.709
17926.000,2769.337
17927.000,3006.709
17928.000,2769.337
17929.000,3006.709
17930.000,2848.461
17931.000,3006.709
17932.000,2848.461
17933.000,3006.709
17934.000,2769.337
17935.000,3006.709
17936.000,2769.337
17937.000,3006.709
17938.000,2769.337
17939.000,3006.709
17940.000,2848.461
17941.000,3006.709
17942.000,2769.337
17943.000,3006.709
17944.000,2769.337
17945.000,3006.709
17946.000,2769.337
17947.000,3006.709
17948.000,2848.461
17949.000,3006.709
17950.000,2769.337
17951.000,3006.709
17952.000,2769.337
17953.000,3006.709
17954.000,2769.337
17955.000,3006.709
17956.000,2848.461
17957.000,3006.709
17958.000,2769.337
17959.000,3006.709
17960.000,2769.337
17961.000,3006.709
17962.000,2769.337
17963.000,3006.709
17964.000,2848.461
17965.000,3006.709
17966.000,2769.337
17967.000,3006.709
17968.000,2769.337
17969.000,3006.709
17970.000,2769.337
17971.000,3006.709
17972.000,2769.337
17973.000,3006.709
17974.000,2769.337
17975.000,3006.709
17976.000,2769.337
17977.000,3006.709
17978.000,2769.337
17979.000,3006.709
17980.000,2848.461
17981.000,3006.709
17982.000,2769.337
17983.000,3006.709
17984.000,2769.337
17985.000,3006.709
17986.000,2769.337
17987.000,3006.709
17988.000,2769.337
17989.000,3006.709
17990.000,2848.461
17991.000,3006.709
17992.000,2769.337
17993.000,3006.709
17994.000,2769.337
17995.000,3006.709
17996.000,2769.337
17997.000,3006.709
17998.000,2848.461
17999.000,3006.709
18000.000,2769.337
18001.000,3006.709
18002.000,2769.337
18003.000,3006.709
18004.000,2769.337
18005.000,3006.709
18006.000,2848.461
18007.000,3006.709
18008.000,2769.337
18009.000,3006.709
18010.000,2769.337
18011.000,3006.709
18012.000,2769.337
18013.000,3006.709
18014.000,2848.461
18015.000,3006.709
18016.000,2769.337
18017.000,3006.709
18018.000,2769.337
18019.000,3006.709
18020.000,2769.337
18021.000,3006.709
18022.000,2848.461
18023.000,3006.709
18024.000,2769.337
18025.000,3006.709
18026.000,2769.337
18027.000,3006.709
18028.000,2769.337
18029.000,3006.709
18030.000,2848.461
18031.000,3006.709
18032.000,2769.337
18033.000,3006.709
18034.000,2769.337
18035.000,3006.709
18036.000,2769.337
18037.000,3006.709
18038.000,2848.461
18039.000,3006.709
18040.000,2769.337
18041.000,3006.709
18042.000,2769.337
18043.000,3006.709
18044.000,2769.337
18045.000,3006.709
18046.000,2769.337
18047.000,3006.709
18048.000,2848.461
18049.000,3006.709
18050.000,2769.337
18051.000,3006.709
18052.000,2769.337
18053.000,3006.709
18054.000,2769.337
18055.000,3006.709
18056.000,2848.461
18057.000,3006.709
18058.000,2769.337
18059.000,3006.709
18060.000,2769.337
18061.000,3006.709
18062.000,2769.337
18063.000,3006.709
18064.000,2848.461
18065.000,3006.709
18066.000,2769.337
18067.000,3006.709
18068.000,2769.337
18069.000,3006.709
18070.000,2769.337
18071.000,3006.709
18072.000,2848.461
18073.000,3085.833
18074.000,2848.461
18075.000,3006.709
18076.000,2769.337
18077.000,3006.709
18078.000,2769.337
18079.000,3006.709
18080.000,2769.337
18081.000,3006.709
18082.000,2848.461
18083.000,3006.709
18084.000,2769.337
18085.000,3006.709
18086.000,2769.337
18087.000,3006.709
18088.000,2769.337
18089.000,3006.709
18090.000,2848.461
18091.000,3006.709
18092.000,2769.337
18093.000,3006.709
18094.000,2769.337
18095.000,3006.709
18096.000,2769.337
18097.000,3006.709
18098.000,2848.461
18099.000,3006.709
18100.000,2769.337
18101.000,3006.709
18102.000,2769.337
18103.000,3006.709
18104.000,2769.337
18105.000,3006.709
18106.000,2848.461
18107.000,3006.709
18108.000,2769.337
18109.000,3006.709
18110.000,2769.337
18111.000,3006.709
18112.000,2769.337
18113.000,3006.709
18114.000,2848.461
18115.000,3006.709
18116.000,2769.337
18117.000,3006.709
18118.000,2769.337
18119.000,3006.709
18120.000,2769.337
18121.000,3006.709
18122.000,2848.461
18123.000,3006.709
18124.000,2769.337
18125.000,3006.709
18126.000,2769.337
18127.000,3006.709
18128.000,2769.337
18129.000,3006.709
18130.000,2769.337
18131.000,3006.709
18132.000,2848.461
18133.000,3006.709
18134.000,2769.337
18135.000,3006.709
18136.000,2769.337
18137.000,3006.709
18138.000,2769.337
18139.000,3006.709
18140.000,2769.337
18141.000,3006.709
18142.000,2769.337
18143.000,3006.709
18144.000,2769.337
18145.000,3006.709
18146.000,2769.337
18147.000,3006.709
18148.000,2848.461
18149.000,3006.709
18150.000,2769.337
18151.000,3006.709
18152.000,2769.337
18153.000,3006.709
18154.000,2769.337
18155.000,3006.709
18156.000,2848.461
18157.000,3006.709
18158.000,2769.337
18159.000,3006.709
18160.000,2769.337
18161.000,3006.709
18162.000,2769.337
18163.000,3006.709
18164.000,2848.461
18165.000,3006.709
18166.000,2769.337
18167.000,3006.709
18168.000,2769.337
18169.000,3006.709
18170.000,2769.337
18171.000,3006.709
18172.000,2848.461
18173.000,3085.833
18174.000,2848.461
18175.000,3006.709
18176.000,2769.337
18177.000,3006.709
18178.000,2769.337
18179.000,3006.709
18180.000,2848.461
18181.000,3006.709
18182.000,2848.461
18183.000,3006.709
18184.000,2769.337
18185.000,3006.709
18186.000,2769.337
18187.000,3006.709
18188.000,2769.337
18189.000,3006.709
18190.000,2848.461
18191.000,3006.709
18192.000,2769.337
18193.000,3006.709
18194.000,2769.337
18195.000,3006.709
18196.000,2769.337
18197.000,3006.709
18198.000,2848.461
18199.000,3006.709
18200.000,2769.337
18201.000,3006.709
18202.000,2769.337
18203.000,3006.709
18204.000,2769.337
18205.000,3006.709
18206.000,2848.461
18207.000,3006.709
18208.000,2769.337
18209.000,3006.709
18210.000,2769.337
18211.000,3006.709
18212.000,2769.337
18213.000,3006.709
18214.000,2848.461
18215.000,3006.709
18216.000,2769.337
18217.000,3006.709
18218.000,2769.337
18219.000,3006.709
18220.000,2769.337
18221.000,3006.709
18222.000,2848.461
18223.000,3085.833
18224.000,2848.461
18225.000,3006.709
18226.000,2769.337
18227.000,3006.709
18228.000,2769.337
18229.000,3006.709
18230.000,2848.461
18231.000,3006.709
18232.000,2848.461
18233.000,3006.709
18234.000,2769.337
18235.000,3006.709
18236.000,2769.337
18237.000,3006.709
18238.000,2769.337
18239.000,3006.709
18240.000,2848.461
18241.000,3006.709
18242.000,2769.337
18243.000,3006.709
18244.000,2769.337
18245.000,3006.709
18246.000,2769.337
18247.000,3006.709
18248.000,2848.461
18249.000,3006.709
18250.000,2769.337
18251.000,3006.709
18252.000,2769.337
18253.000,3006.709
18254.000,2769.337
18255.000,3006.709
18256.000,2848.461
18257.000,3006.709
18258.000,2769.337
18259.000,3006.709
18260.000,2769.337
18261.000,3006.709
18262.000,2769.337
18263.000,3006.709
18264.000,2848.461
18265.000,3006.709
18266.000,2769.337
18267.000,3006.709
18268.000,2769.337
18269.000,3006.709
18270.000,2769.337
18271.000,3006.709
18272.000,2848.461
18273.000,3006.709
18274.000,2769.337
18275.000,3006.709
18276.000,2769.337
18277.000,3006.709
18278.000,2769.337
18279.000,3006.709
18280.000,2848.461
18281.000,3006.709
18282.000,2769.337
18283.000,3006.709
18284.000,2769.337
18285.000,3006.709
18286.000,2769.337
18287.000,3006.709
18288.000,2848.461
18289.000,3085.833
18290.000,2848.461
18291.000,3006.709
18292.000,2769.337
18293.000,3006.709
18294.000,2769.337
18295.000,3006.709
18296.000,2769.337
18297.000,3085.833
18298.000,2848.461
18299.000,3006.709
18300.000,2769.337
18301.000,3006.709
18302.000,2769.337
18303.000,3006.709
18304.000,2769.337
18305.000,3006.709
18306.000,2848.461
18307.000,3006.709
18308.000,2769.337
18309.000,3006.709
18310.000,2769.337
18311.000,3006.709
18312.000,2769.337
18313.000,3006.709
18314.000,2848.461
18315.000,3006.709
18316.000,2769.337
18317.000,3006.709
18318.000,2769.337
18319.000,3006.709
18320.000,2769.337
18321.000,3006.709
18322.000,2848.461
18323.000,3006.709
18324.000,2769.337
18325.000,3006.709
18326.000,2769.337
18327.000,3006.709
18328.000,2769.337
18329.000,3006.709
18330.000,2848.461
18331.000,3006.709
18332.000,2769.337
18333.000,3006.709
18334.000,2769.337
18335.000,3006.709
18336.000,2769.337
18337.000,3006.709
18338.000,2848.461
18339.000,3085.833
18340.000,2848.461
18341.000,3006.709
18342.000,2769.337
18343.000,3006.709
18344.000,2769.337
18345.000,3006.709
18346.000,2769.337
18347.000,3006.709
18348.000,2848.461
18349.000,3006.709
18350.000,2769.337
18351.000,3006.709
18352.000,2769.337
18353.000,3006.709
18354.000,2769.337
18355.000,3006.709
18356.000,2848.461
18357.000,3006.709
18358.000,2769.337
18359.000,3006.709
18360.000,2769.337
18361.000,3006.709
18362.000,2769.337
18363.000,3006.709
18364.000,2848.461
18365.000,3006.709
18366.000,2769.337
18367.000,3006.709
18368.000,2769.337
18369.000,3006.709
18370.000,2769.337
18371.000,3006.709
18372.000,2848.461
18373.000,3006.709
18374.000,2769.337
18375.000,3006.709
18376.000,2769.337
18377.000,3006.709
18378.000,2769.337
18379.000,3006.709
18380.000,2848.461
18381.000,3006.709
18382.000,2848.461
18383.000,3006.709
18384.000,2769.337
18385.000,3006.709
18386.000,2769.337
18387.000,3006.709
18388.000,2848.461
18389.000,3006.709
18390.000,2848.461
18391.000,3006.709
18392.000,2769.337
18393.000,3006.709
18394.000,2769.337
18395.000,3006.709
18396.000,2769.337
18397.000,3006.709
18398.000,2848.461
18399.000,3006.709
18400.000,2769.337
18401.000,3006.709
18402.000,2769.337
18403.000,3006.709
18404.000,2769.337
18405.000,3006.709
18406.000,2848.461
18407.000,3006.709
18408.000,2769.337
18409.000,3006.709
18410.000,2769.337
18411.000,3006.709
18412.000,2769.337
18413.000,3006.709
18414.000,2848.461
18415.000,3006.709
18416.000,2769.337
18417.000,3006.709
18418.000,2769.337
18419.000,3006.709
18420.000,2769.337
18421.000,3006.709
18422.000,2848.461
18423.000,3085.833
18424.000,2769.337
18425.000,3006.709
18426.000,2769.337
18427.000,3006.709
18428.000,2769.337
18429.000,3006.709
18430.000,2848.461
18431.000,3085.833
18432.000,2848.461
18433.000,3006.709
18434.000,2769.337
18435.000,3006.709
18436.000,2769.337
18437.000,3006.709
18438.000,2769.337
18439.000,3085.833
18440.000,2848.461
18441.000,3006.709
18442.000,2769.337
18443.000,3006.709
18444.000,2769.337
18445.000,3006.709
18446.000,2769.337
18447.000,3006.709
18448.000,2848.461
18449.000,3006.709
18450.000,2769.337
18451.000,3006.709
18452.000,2769.337
18453.000,3006.709
18454.000,2769.337
18455.000,3006.709
18456.000,2848.461
18457.000,3006.709
18458.000,2769.337
18459.000,3006.709
18460.000,2769.337
18461.000,3006.709
18462.000,2769.337
18463.000,3006.709
18464.000,2848.461
18465.000,3006.709
18466.000,2769.337
18467.000,3006.709
18468.000,2769.337
18469.000,3006.709
18470.000,2769.337
18471.000,3006.709
18472.000,2848.461
18473.000,3006.709
18474.000,2769.337
18475.000,3006.709
18476.000,2769.337
18477.000,3006.709
18478.000,2769.337
18479.000,3006.709
18480.000,2848.461
18481.000,3006.709
18482.000,2848.461
18483.000,3006.709
18484.000,2769.337
18485.000,3006.709
18486.000,2769.337
18487.000,3006.709
18488.000,2769.337
18489.000,3006.709
18490.000,2848.461
18491.000,3006.709
18492.000,2769.337
18493.000,3006.709
18494.000,2769.337
18495.000,3006.709
18496.000,2769.337
18497.000,3006.709
18498.000,2848.461
18499.000,3006.709
18500.000,2769.337
18501.000,3006.709
18502.000,2769.337
18503.000,3006.709
18504.000,2769.337
18505.000,3006.709
18506.000,2848.461
18507.000,3006.709
18508.000,2769.337
18509.000,3006.709
18510.000,2769.337
18511.000,3006.709
18512.000,2769.337
18513.000,3006.709
18514.000,2848.461
18515.000,3006.709
18516.000,2769.337
18517.000,3006.709
18518.000,2769.337
18519.000,3006.709
18520.000,2769.337
18521.000,3006.709
18522.000,2848.461
18523.000,3006.709
18524.000,2769.337
18525.000,3006.709
18526.000,2769.337
18527.000,3006.709
18528.000,2769.337
18529.000,3006.709
18530.000,2848.461
18531.000,3006.709
18532.000,2848.461
18533.000,3006.709
18534.000,2769.337
18535.000,3006.709
18536.000,2769.337
18537.000,3006.709
18538.000,2848.461
18539.000,3006.709
18540.000,2848.461
18541.000,3006.709
18542.000,2769.337
18543.000,3006.709
18544.000,2769.337
18545.000,3006.709
18546.000,2769.337
18547.000,3006.709
18548.000,2848.461
18549.000,3006.709
18550.000,2769.337
18551.000,3006.709
18552.000,2769.337
18553.000,3006.709
18554.000,2769.337
18555.000,3006.709
18556.000,2848.461
18557.000,3006.709
18558.000,2769.337
18559.000,3006.709
18560.000,2769.337
18561.000,3006.709
18562.000,2769.337
18563.000,3006.709
18564.000,2848.461
18565.000,3006.709
18566.000,2769.337
18567.000,3006.709
18568.000,2769.337
18569.000,3006.709
18570.000,2769.337
18571.000,3006.709
18572.000,2848.461
18573.000,3006.709
18574.000,2769.337
18575.000,3006.709
18576.000,2769.337
18577.000,3006.709
18578.000,2769.337
18579.000,3006.709
18580.000,2848.461
18581.000,3006.709
18582.000,2769.337
18583.000,3006.709
18584.000,2769.337
18585.000,3006.709
18586.000,2769.337
18587.000,3006.709
18588.000,2769.337
18589.000,3006.709
18590.000,2769.337
18591.000,3006.709
18592.000,2769.337
18593.000,3006.709
18594.000,2769.337
18595.000,3006.709
18596.000,2769.337
18597.000,3006.709
18598.000,2848.461
18599.000,3006.709
18600.000,2769.337
18601.000,3006.709
18602.000,2769.337
18603.000,3006.709
18604.000,2769.337
18605.000,3006.709
18606.000,2848.461
18607.000,3006.709
18608.000,2769.337
18609.000,3006.709
18610.000,2769.337
18611.000,3006.709
18612.000,2769.337
18613.000,3006.709
18614.000,2848.461
18615.000,3006.709
18616.000,2769.337
18617.000,3006.709
18618.000,2769.337
18619.000,3006.709
18620.000,2769.337
18621.000,3006.709
18622.000,2848.461
18623.000,3006.709
18624.000,2769.337
18625.000,3006.709
18626.000,2769.337
18627.000,3006.709
18628.000,2769.337
18629.000,3006.709
18630.000,2848.461
18631.000,3006.709
18632.000,2769.337
18633.000,3006.709
18634.000,2769.337
18635.000,3006.709
18636.000,2769.337
18637.000,3006.709
18638.000,2848.461
18639.000,3006.709
18640.000,2769.337
18641.000,3006.709
18642.000,2769.337
18643.000,3006.709
18644.000,2769.337
18645.000,3006.709
18646.000,2848.461
18647.000,3085.833
18648.000,2848.461
18649.000,3006.709
18650.000,2769.337
18651.000,3006.709
18652.000,2769.337
18653.000,3006.709
18654.000,2769.337
18655.000,3085.833
18656.000,2848.461
18657.000,3006.709
18658.000,2769.337
18659.000,3006.709
18660.000,2769.337
18661.000,3006.709
18662.000,2769.337
18663.000,3006.709
18664.000,2848.461
18665.000,3085.833
18666.000,2769.337
18667.000,3006.709
18668.000,2769.337
18669.000,3006.709
18670.000,2769.337
18671.000,3006.709
18672.000,2848.461
18673.000,3006.709
18674.000,2848.461
18675.000,3006.709
18676.000,2769.337
18677.000,3006.709
18678.000,2769.337
18679.000,3006.709
18680.000,2769.337
18681.000,3006.709
18682.000,2848.461
18683.000,3006.709
18684.000,2769.337
18685.000,3006.709
18686.000,2769.337
18687.000,3006.709
18688.000,2769.337
18689.000,3006.709
18690.000,2769.337
18691.000,3006.709
18692.000,2769.337
18693.000,3006.709
18694.000,2769.337
18695.000,3006.709
18696.000,2769.337
18697.000,3006.709
18698.000,2848.461
18699.000,3006.709
18700.000,2769.337
18701.000,3006.709
18702.000,2769.337
18703.000,3006.709
18704.000,2769.337
18705.000,3006.709
18706.000,2848.461
18707.000,3006.709
18708.000,2769.337
18709.000,3006.709
18710.000,2769.337
18711.000,3006.709
18712.000,2769.337
18713.000,3006.709
18714.000,2848.461
18715.000,3006.709
18716.000,2769.337
18717.000,3006.709
18718.000,2769.337
18719.000,3006.709
18720.000,2769.337
18721.000,3006.709
18722.000,2848.461
18723.000,3006.709
18724.000,2769.337
18725.000,3006.709
18726.000,2769.337
18727.000,3006.709
18728.000,2769.337
18729.000,3006.709
18730.000,2769.337
18731.000,3006.709
18732.000,2848.461
18733.000,3006.709
18734.000,2769.337
18735.000,3006.709
18736.000,2769.337
18737.000,3006.709
18738.000,2769.337
18739.000,3006.709
18740.000,2769.337
18741.000,3006.709
18742.000,2769.337
18743.000,3006.709
18744.000,2769.337
18745.000,3006.709
18746.000,2769.337
18747.000,3006.709
18748.000,2769.337
18749.000,3006.709
18750.000,2769.337
18751.000,3006.709
18752.000,2769.337
18753.000,3006.709
18754.000,2769.337
18755.000,3006.709
18756.000,2769.337
18757.000,3006.709
18758.000,2769.337
18759.000,3006.709
18760.000,2769.337
18761.000,3006.709
18762.000,2769.337
18763.000,3006.709
18764.000,2848.461
18765.000,3006.709
18766.000,2769.337
18767.000,3006.709
18768.000,2769.337
18769.000,3006.709
18770.000,2769.337
18771.000,3006.709
18772.000,2848.461
18773.000,3006.709
18774.000,2769.337
18775.000,3006.709
18776.000,2769.337
18777.000,3006.709
18778.000,2769.337
18779.000,3006.709
18780.000,2848.461
18781.000,3085.833
18782.000,2848.461
18783.000,3006.709
18784.000,2769.337
18785.000,3006.709
18786.000,2769.337
18787.000,3006.709
18788.000,2769.337
18789.000,3085.833
18790.000,2848.461
18791.000,3006.709
18792.000,2769.337
18793.000,3006.709
18794.000,2769.337
18795.000,3006.709
18796.000,2769.337
18797.000,3006.709
18798.000,2848.461
18799.000,3006.709
18800.000,2769.337
18801.000,3006.709
18802.000,2769.337
18803.000,3006.709
18804.000,2769.337
18805.000,3006.709
18806.000,2769.337
18807.000,3006.709
18808.000,2769.337
18809.000,3006.709
18810.000,2769.337
18811.000,3006.709
18812.000,2769.337
18813.000,3006.709
18814.000,2769.337
18815.000,3006.709
18816.000,2769.337
18817.000,3006.709
18818.000,2769.337
18819.000,3006.709
18820.000,2769.337
18821.000,3006.709
18822.000,2769.337
18823.000,3006.709
18824.000,2769.337
18825.000,3006.709
18826.000,2769.337
18827.000,3006.709
18828.000,2769.337
18829.000,3006.709
18830.000,2769.337
18831.000,3006.709
18832.000,2769.337
18833.000,3006.709
18834.000,2769.337
18835.000,3006.709
18836.000,2769.337
18837.000,3006.709
18838.000,2848.461
18839.000,3006.709
18840.000,2848.461
18841.000,3006.709
18842.000,2769.337
18843.000,3006.709
18844.000,2769.337
18845.000,3006.709
18846.000,2769.337
18847.000,3006.709
18848.000,2848.461
18849.000,3006.709
18850.000,2769.337
18851.000,3006.709
18852.000,2769.337
18853.000,3006.709
18854.000,2769.337
18855.000,3006.709
18856.000,2769.337
18857.000,3006.709
18858.000,2769.337
18859.000,3006.709
18860.000,2769.337
18861.000,3006.709
18862.000,2769.337
18863.000,3006.709
18864.000,2769.337
18865.000,3006.709
18866.000,2769.337
18867.000,3006.709
18868.000,2769.337
18869.000,3006.709
18870.000,2769.337
18871.000,3006.709
18872.000,2769.337
18873.000,3006.709
18874.000,2769.337
18875.000,3006.709
18876.000,2769.337
18877.000,3006.709
18878.000,2769.337
18879.000,3006.709
18880.000,2769.337
18881.000,3006.709
18882.000,2769.337
18883.000,3006.709
18884.000,2769.337
18885.000,3006.709
18886.000,2769.337
18887.000,3006.709
18888.000,2848.461
18889.000,3006.709
18890.000,2769.337
18891.000,3006.709
18892.000,2769.337
18893.000,3006.709
18894.000,2769.337
18895.000,3006.709
18896.000,2769.337
18897.000,3006.709
18898.000,2848.461
18899.000,3006.709
18900.000,2769.337
18901.000,3006.709
18902.000,2769.337
18903.000,3006.709
18904.000,2769.337
18905.000,3006.709
18906.000,2848.461
18907.000,3006.709
18908.000,2769.337
18909.000,3006.709
18910.000,2769.337
18911.000,3006.709
18912.000,2769.337
18913.000,3006.709
18914.000,2848.461
18915.000,3006.709
18916.000,2769.337
18917.000,3006.709
18918.000,2769.337
18919.000,3006.709
18920.000,2769.337
18921.000,3006.709
18922.000,2848.461
18923.000,3006.709
18924.000,2769.337
18925.000,3006.709
18926.000,2769.337
18927.000,3006.709
18928.000,2769.337
18929.000,3006.709
18930.000,2769.337
18931.000,3006.709
18932.000,2769.337
18933.000,3006.709
18934.000,2769.337
18935.000,3006.709
18936.000,2769.337
18937.000,3006.709
18938.000,2769.337
18939.000,3006.709
18940.000,2848.461
18941.000,3006.709
18942.000,2769.337
18943.000,3006.709
18944.000,2769.337
18945.000,3006.709
18946.000,2769.337
18947.000,3006.709
18948.000,2848.461
18949.000,3006.709
18950.000,2769.337
18951.000,3006.709
18952.000,2769.337
18953.000,3006.709
18954.000,2769.337
18955.000,3006.709
18956.000,2848.461
18957.000,3006.709
18958.000,2769.337
18959.000,3006.709
18960.000,2769.337
18961.000,3006.709
18962.000,2769.337
18963.000,3006.709
18964.000,2848.461
18965.000,3006.709
18966.000,2769.337
18967.000,3006.709
18968.000,2769.337
18969.000,3006.709
18970.000,2769.337
18971.000,3006.709
18972.000,2769.337
18973.000,3006.709
18974.000,2769.337
18975.000,3006.709
18976.000,2769.337
18977.000,3006.709
18978.000,2769.337
18979.000,3006.709
18980.000,2769.337
18981.000,3006.709
18982.000,2769.337
18983.000,3006.709
18984.000,2769.337
18985.000,3006.709
18986.000,2769.337
18987.000,3006.709
18988.000,2769.337
18989.000,3006.709
18990.000,2769.337
18991.000,3006.709
18992.000,2769.337
18993.000,3006.709
18994.000,2769.337
18995.000,3006.709
18996.000,2769.337
18997.000,3006.709
18998.000,2769.337
18999.000,3006.709
19000.000,2769.337
19001.000,3006.709
19002.000,2769.337
19003.000,3006.709
19004.000,2769.337
19005.000,3006.709
19006.000,2848.461
19007.000,3006.709
19008.000,2769.337
19009.000,3006.709
19010.000,2769.337
19011.000,3006.709
19012.000,2769.337
19013.000,3006.709
19014.000,2848.461
19015.000,3006.709
19016.000,2769.337
19017.000,3006.709
19018.000,2769.337
19019.000,3006.709
19020.000,2769.337
19021.000,3006.709
19022.000,2848.461
19023.000,3006.709
19024.000,2769.337
19025.000,3006.709
19026.000,2769.337
19027.000,3006.709
19028.000,2769.337
19029.000,3006.709
19030.000,2769.337
19031.000,3085.833
19032.000,2848.461
19033.000,3006.709
19034.000,2769.337
19035.000,3006.709
19036.000,2769.337
19037.000,3006.709
19038.000,2769.337
19039.000,3006.709
19040.000,2848.461
19041.000,3006.709
19042.000,2769.337
19043.000,3006.709
19044.000,2769.337
19045.000,3006.709
19046.000,2769.337
19047.000,3006.709
19048.000,2848.461
19049.000,3006.709
19050.000,2769.337
19051.000,3006.709
19052.000,2769.337
19053.000,3006.709
19054.000,2769.337
19055.000,3006.709
19056.000,2848.461
19057.000,3006.709
19058.000,2769.337
19059.000,3006.709
19060.000,2769.337
19061.000,3006.709
19062.000,2769.337
19063.000,3006.709
19064.000,2848.461
19065.000,3006.709
19066.000,2769.337
19067.000,3006.709
19068.000,2769.337
19069.000,3006.709
19070.000,2769.337
19071.000,3006.709
19072.000,2769.337
19073.000,3006.709
19074.000,2769.337
19075.000,3006.709
19076.000,2769.337
19077.000,3006.709
19078.000,2769.337
19079.000,3006.709
19080.000,2769.337
19081.000,3006.709
19082.000,2848.461
19083.000,3006.709
19084.000,2769.337
19085.000,3006.709
19086.000,2769.337
19087.000,3006.709
19088.000,2769.337
19089.000,3006.709
19090.000,2848.461
19091.000,3006.709
19092.000,2769.337
19093.000,3006.709
19094.000,2769.337
19095.000,3006.709
19096.000,2769.337
19097.000,3006.709
19098.000,2848.461
19099.000,3006.709
19100.000,2769.337
19101.000,3006.709
19102.000,2769.337
19103.000,3006.709
19104.000,2769.337
19105.000,3006.709
19106.000,2769.337
19107.000,3006.709
19108.000,2769.337
19109.000,3006.709
19110.000,2769.337
19111.000,3006.709
19112.000,2769.337
19113.000,3006.709
19114.000,2769.337
19115.000,3006.709
19116.000,2769.337
19117.000,3006.709
19118.000,2769.337
19119.000,3006.709
19120.000,2769.337
19121.000,3006.709
19122.000,2769.337
19123.000,3006.709
19124.000,2769.337
19125.000,3006.709
19126.000,2769.337
19127.000,3006.709
19128.000,2769.337
19129.000,3006.709
19130.000,2769.337
19131.000,3006.709
19132.000,2769.337
19133.000,3006.709
19134.000,2769.337
19135.000,3006.709
19136.000,2769.337
19137.000,3006.709
19138.000,2769.337
19139.000,3006.709
19140.000,2769.337
19141.000,3006.709
19142.000,2769.337
19143.000,3006.709
19144.000,2769.337
19145.000,3006.709
19146.000,2769.337
19147.000,3085.833
19148.000,2848.461
19149.000,3006.709
19150.000,2769.337
19151.000,3006.709
19152.000,2769.337
19153.000,3006.709
19154.000,2769.337
19155.000,3006.709
19156.000,2848.461
19157.000,3085.833
19158.000,2769.337
19159.000,3006.709
19160.000,2769.337
19161.000,3006.709
19162.000,2769.337
19163.000,3006.709
19164.000,2848.461
19165.000,3085.833
19166.000,2848.461
19167.000,3006.709
19168.000,2769.337
19169.000,3006.709
19170.000,2769.337
19171.000,3006.709
19172.000,2769.337
19173.000,3006.709
19174.000,2848.461
19175.000,3006.709
19176.000,2769.337
19177.000,3006.709
19178.000,2769.337
19179.000,3006.709
19180.000,2769.337
19181.000,3006.709
19182.000,2769.337
19183.000,3006.709
19184.000,2769.337
19185.000,3006.709
19186.000,2769.337
19187.000,3006.709
19188.000,2769.337
19189.000,3006.709
19190.000,2769.337
19191.000,3006.709
19192.000,2769.337
19193.000,3006.709
19194.000,2769.337
19195.000,3006.709
19196.000,2769.337
19197.000,3006.709
19198.000,2848.461
19199.000,3006.709
19200.000,2769.337
19201.000,3006.709
19202.000,2769.337
19203.000,3006.709
19204.000,2769.337
19205.000,3006.709
19206.000,2848.461
19207.000,3006.709
19208.000,2769.337
19209.000,3006.709
19210.000,2769.337
19211.000,3006.709
19212.000,2769.337
19213.000,3006.709
19214.000,2848.461
19215.000,3085.833
19216.000,2848.461
19217.000,3006.709
19218.000,2769.337
19219.000,3006.709
19220.000,2769.337
19221.000,3006.709
19222.000,2769.337
19223.000,3006.709
19224.000,2848.461
19225.000,3006.709
19226.000,2769.337
19227.000,3006.709
19228.000,2769.337
19229.000,3006.709
19230.000,2769.337
19231.000,3006.709
19232.000,2848.461
19233.000,3006.709
19234.000,2769.337
19235.000,3006.709
19236.000,2769.337
19237.000,3006.709
19238.000,2769.337
19239.000,3006.709
19240.000,2769.337
19241.000,3006.709
19242.000,2769.337
19243.000,3006.709
19244.000,2769.337
19245.000,3006.709
19246.000,2769.337
19247.000,3006.709
19248.000,2769.337
19249.000,3006.709
19250.000,2769.337
19251.000,3006.709
19252.000,2769.337
19253.000,3006.709
19254.000,2769.337
19255.000,3006.709
19256.000,2848.461
19257.000,3006.709
19258.000,2769.337
19259.000,3006.709
19260.000,2769.337
19261.000,3006.709
19262.000,2769.337
19263.000,3006.709
19264.000,2848.461
19265.000,3006.709
19266.000,2769.337
19267.000,3006.709
19268.000,2769.337
19269.000,3006.709
19270.000,2769.337
19271.000,3006.709
19272.000,2848.461
19273.000,3085.833
19274.000,2848.461
19275.000,3006.709
19276.000,2769.337
19277.000,3006.709
19278.000,2769.337
19279.000,3006.709
19280.000,2769.337
19281.000,3085.833
19282.000,2848.461
19283.000,3006.709
19284.000,2769.337
19285.000,3006.709
19286.000,2769.337
19287.000,3006.709
19288.000,2769.337
19289.000,3006.709
19290.000,2848.461
19291.000,3006.709
19292.000,2769.337
19293.000,3006.709
19294.000,2769.337
19295.000,3006.709
19296.000,2769.337
19297.000,3006.709
19298.000,2848.461
19299.000,3085.833
19300.000,2769.337
19301.000,3006.709
19302.000,2769.337
19303.000,3006.709
19304.000,2769.337
19305.000,3006.709
19306.000,2769.337
19307.000,3006.709
19308.000,2769.337
19309.000,3006.709
19310.000,2769.337
19311.000,3006.709
19312.000,2769.337
19313.000,3006.709
19314.000,2769.337
19315.000,3006.709
19316.000,2769.337
19317.000,3006.709
19318.000,2769.337
19319.000,3006.709
19320.000,2769.337
19321.000,3006.709
19322.000,2769.337
19323.000,3085.833
19324.000,2848.461
19325.000,3006.709
19326.000,2769.337
19327.000,3006.709
19328.000,2769.337
19329.000,3006.709
19330.000,2769.337
19331.000,3006.709
19332.000,2848.461
19333.000,3006.709
19334.000,2769.337
19335.000,3006.709
19336.000,2769.337
19337.000,3006.709
19338.000,2769.337
19339.000,3006.709
19340.000,2848.461
19341.000,3006.709
19342.000,2769.337
19343.000,3006.709
19344.000,2769.337
19345.000,3006.709
19346.000,2769.337
19347.000,3006.709
19348.000,2848.461
19349.000,3006.709
19350.000,2769.337
19351.000,3006.709
19352.000,2769.337
19353.000,3006.709
19354.000,2769.337
19355.000,3006.709
19356.000,2848.461
19357.000,3006.709
19358.000,2769.337
19359.000,3006.709
19360.000,2769.337
19361.000,3006.709
19362.000,2769.337
19363.000,3006.709
19364.000,2769.337
19365.000,3006.709
19366.000,2769.337
19367.000,3006.709
19368.000,2769.337
19369.000,3006.709
19370.000,2769.337
19371.000,3006.709
19372.000,2848.461
19373.000,3085.833
19374.000,2848.461
19375.000,3006.709
19376.000,2769.337
19377.000,3006.709
19378.000,2769.337
19379.000,3006.709
19380.000,2769.337
19381.000,3085.833
19382.000,2848.461
19383.000,3006.709
19384.000,2769.337
19385.000,3006.709
19386.000,2769.337
19387.000,3006.709
19388.000,2769.337
19389.000,3085.833
19390.000,2848.461
19391.000,3006.709
19392.000,2769.337
19393.000,3006.709
19394.000,2769.337
19395.000,3006.709
19396.000,2769.337
19397.000,3006.709
19398.000,2848.461
19399.000,3006.709
19400.000,2769.337
19401.000,3006.709
19402.000,2769.337
19403.000,3006.709
19404.000,2769.337
19405.000,3006.709
19406.000,2848.461
19407.000,3006.709
19408.000,2769.337
19409.000,3006.709
19410.000,2769.337
19411.000,3006.709
19412.000,2769.337
19413.000,3006.709
19414.000,2848.461
19415.000,3006.709
19416.000,2769.337
19417.000,3006.709
19418.000,2769.337
19419.000,3006.709
19420.000,2769.337
19421.000,3006.709
19422.000,2848.461
19423.000,3085.833
19424.000,2848.461
19425.000,3006.709
19426.000,2769.337
19427.000,3006.709
19428.000,2769.337
19429.000,3006.709
19430.000,2769.337
19431.000,3085.833
19432.000,2848.461
19433.000,3006.709
19434.000,2769.337
19435.000,3006.709
19436.000,2769.337
19437.000,3006.709
19438.000,2769.337
19439.000,3085.833
19440.000,2848.461
19441.000,3006.709
19442.000,2769.337
19443.000,3006.709
19444.000,2769.337
19445.000,3006.709
19446.000,2769.337
19447.000,3006.709
19448.000,2848.461
19449.000,3006.709
19450.000,2769.337
19451.000,3006.709
19452.000,2769.337
19453.000,3006.709
19454.000,2769.337
19455.000,3006.709
19456.000,2848.461
19457.000,3006.709
19458.000,2769.337
19459.000,3006.709
19460.000,2769.337
19461.000,3006.709
19462.000,2769.337
19463.000,3006.709
19464.000,2769.337
19465.000,3006.709
19466.000,2769.337
19467.000,3006.709
19468.000,2769.337
19469.000,3006.709
19470.000,2769.337
19471.000,3006.709
19472.000,2769.337
19473.000,3006.709
19474.000,2769.337
19475.000,3006.709
19476.000,2769.337
19477.000,3006.709
19478.000,2769.337
19479.000,3006.709
19480.000,2769.337
19481.000,3006.709
19482.000,2769.337
19483.000,3006.709
19484.000,2769.337
19485.000,3006.709
19486.000,2769.337
19487.000,3006.709
19488.000,2769.337
19489.000,3085.833
19490.000,2848.461
19491.000,3006.709
19492.000,2769.337
19493.000,3006.709
19494.000,2769.337
19495.000,3006.709
19496.000,2769.337
19497.000,3085.833
19498.000,2848.461
19499.000,3006.709
19500.000,2769.337
19501.000,3006.709
19502.000,2769.337
19503.000,3006.709
19504.000,2769.337
19505.000,3085.833
19506.000,2848.461
19507.000,3085.833
19508.000,2769.337
19509.000,3006.709
19510.000,2769.337
19511.000,3006.709
19512.000,2769.337
19513.000,3006.709
19514.000,2848.461
19515.000,3085.833
19516.000,2769.337
19517.000,3006.709
19518.000,2769.337
19519.000,3006.709
19520.000,2769.337
19521.000,3006.709
19522.000,2848.461
19523.000,3085.833
19524.000,2848.461
19525.000,3006.709
19526.000,2769.337
19527.000,3006.709
19528.000,2769.337
19529.000,3006.709
19530.000,2769.337
19531.000,3085.833
19532.000,2848.461
19533.000,3006.709
19534.000,2769.337
19535.000,3006.709
19536.000,2769.337
19537.000,3006.709
19538.000,2769.337
19539.000,3006.709
19540.000,2848.461
19541.000,3006.709
19542.000,2769.337
19543.000,3006.709
19544.000,2769.337
19545.000,3006.709
19546.000,2769.337
19547.000,3006.709
19548.000,2848.461
19549.000,3006.709
19550.000,2769.337
19551.000,3006.709
19552.000,2769.337
19553.000,3006.709
19554.000,2769.337
19555.000,3006.709
19556.000,2848.461
19557.000,3085.833
19558.000,2769.337
19559.000,3006.709
19560.000,2769.337
19561.000,3006.709
19562.000,2769.337
19563.000,3006.709
19564.000,2848.461
19565.000,3085.833
19566.000,2848.461
19567.000,3006.709
19568.000,2769.337
19569.000,3006.709
19570.000,2769.337
19571.000,3006.709
19572.000,2848.461
19573.000,3085.833
19574.000,2848.461
19575.000,3006.709
19576.000,2769.337
19577.000,3006.709
19578.000,2769.337
19579.000,3006.709
19580.000,2769.337
19581.000,3085.833
19582.000,2848.461
19583.000,3006.709
19584.000,2769.337
19585.000,3006.709
19586.000,2769.337
19587.000,3006.709
19588.000,2769.337
19589.000,3006.709
19590.000,2848.461
19591.000,3006.709
19592.000,2769.337
19593.000,3006.709
19594.000,2769.337
19595.000,3006.709
19596.000,2769.337
19597.000,3006.709
19598.000,2848.461
19599.000,3006.709
19600.000,2769.337
19601.000,3006.709
19602.000,2769.337
19603.000,3006.709
19604.000,2769.337
19605.000,3006.709
19606.000,2848.461
19607.000,3006.709
19608.000,2769.337
19609.000,3006.709
19610.000,2769.337
19611.000,3006.709
19612.000,2769.337
19613.000,3006.709
19614.000,2848.461
19615.000,3006.709
19616.000,2769.337
19617.000,3006.709
19618.000,2769.337
19619.000,3006.709
19620.000,2769.337
19621.000,3006.709
19622.000,2848.461
19623.000,3085.833
19624.000,2769.337
19625.000,3006.709
19626.000,2769.337
19627.000,3006.709
19628.000,2769.337
19629.000,3006.709
